0001000
0010101
0100011
0111001
0001000
0010101
0100011
0111001
0001000
0010101
0100011
0111001
0001000
0010101
0100011
0111001
0001000
0010101
0100011
0111001
0001000
0010101
0100011
0111001
0001000
0010101
0100011
0111001
0001000
0010101
0100011
0111001
0001000
0010101
0100011
0111001
0001000
0010101
0100011
0111001
0001000
0010101
0100011
0111001
0001000
0010101
0100011
0111001
0001000
0010101
0100011
0111001
0001000
0010101
0100011
0111001
0001000
0010101
0100011
0111001
0001000
0010101
0100011
0111001
0001000
0010101
0100011
0111001
0001000
0010101
0100011
0111001
0001000
0010101
0100011
0111001
0001000
0010101
0100011
0111001
0001000
0010101
0100011
0111001
0001000
0010101
0100011
0111001
0001000
0010101
0100011
0111001
0001000
0010101
0100011
0111001
0001000
0010101
0100011
0111001