000001
001000
010010
011100
100111
101001
000001
001000
010010
011100
100111
101001
000001
001000
010010
011100
100111
101001
000001
001000
010010
011100
100111
101001
000001
001000
010010
011100
100111
101001
000001
001000
010010
011100
100111
101001
000001
001000
010010
011100
100111
101001
000001
001000
010010
011100
100111
101001
000001
001000
010010
011100
100111
101001
000001
001000
010010
011100
100111
101001
000001
001000
010010
011100
100111
101001
000001
001000
010010
011100
100111
101001
000001
001000
010010
011100
100111
101001
000001
001000
010010
011100
100111
101001
000001
001000
010010
011100
100111
101001
000001
001000
010010
011100
100111
101001
000001
001000
010010
011100