00001000010100
01001000111001
10010100111001
00001000010100
01001000111001
10010100111001
00001000010100
01001000111001
10010100111001
00001000010100
01001000111001
10010100111001
00001000010100
01001000111001
10010100111001
00001000010100
01001000111001
10010100111001
00001000010100
01001000111001
10010100111001
00001000010100
01001000111001
10010100111001
00001000010100
01001000111001
10010100111001
00001000010100
01001000111001
10010100111001
00001000010100
01001000111001
10010100111001
00001000010100
01001000111001
10010100111001
00001000010100
01001000111001
10010100111001
00001000010100
01001000111001
10010100111001
00001000010100
01001000111001
10010100111001
00001000010100
01001000111001
10010100111001
00001000010100
01001000111001
10010100111001
00001000010100
01001000111001
10010100111001
00001000010100
01001000111001
10010100111001
00001000010100
01001000111001
10010100111001
00001000010100
01001000111001
10010100111001
00001000010100
01001000111001
10010100111001
00001000010100
01001000111001
10010100111001
00001000010100
01001000111001
10010100111001
00001000010100
01001000111001
10010100111001
00001000010100
01001000111001
10010100111001
00001000010100
01001000111001
10010100111001
00001000010100
01001000111001
10010100111001
00001000010100
01001000111001
10010100111001
00001000010100
01001000111001
10010100111001
00001000010100
01001000111001
10010100111001
00001000010100
01001000111001
10010100111001
00001000010100
01001000111001
10010100111001
00001000010100