0010000101
0100111001
0010000101
0100111001
0010000101
0100111001
0010000101
0100111001
0010000101
0100111001
0010000101
0100111001
0010000101
0100111001
0010000101
0100111001
0010000101
0100111001
0010000101
0100111001
0010000101
0100111001
0010000101
0100111001
0010000101
0100111001
0010000101
0100111001
0010000101
0100111001
0010000101
0100111001
0010000101
0100111001
0010000101
0100111001
0010000101
0100111001
0010000101
0100111001
0010000101
0100111001
0010000101
0100111001
0010000101
0100111001
0010000101
0100111001
0010000101
0100111001
0010000101
0100111001
0010000101
0100111001
0010000101
0100111001
0010000101
0100111001
0010000101
0100111001
0010000101
0100111001
0010000101
0100111001
0010000101
0100111001
0010000101
0100111001
0010000101
0100111001
0010000101
0100111001
0010000101
0100111001
0010000101
0100111001
0010000101
0100111001
0010000101
0100111001
0010000101
0100111001
0010000101
0100111001
0010000101
0100111001
0010000101
0100111001
0010000101
0100111001
0010000101
0100111001
0010000101
0100111001
0010000101
0100111001
0010000101
0100111001
0010000101
0100111001