000011010101001001011010110
001011010101001001011001110
010011010101001010110001110
011011010001011010110001110
100101001001011010110001110
000011010101001001011010110
001011010101001001011001110
010011010101001010110001110
011011010001011010110001110
100101001001011010110001110
000011010101001001011010110
001011010101001001011001110
010011010101001010110001110
011011010001011010110001110
100101001001011010110001110
000011010101001001011010110
001011010101001001011001110
010011010101001010110001110
011011010001011010110001110
100101001001011010110001110
000011010101001001011010110
001011010101001001011001110
010011010101001010110001110
011011010001011010110001110
100101001001011010110001110
000011010101001001011010110
001011010101001001011001110
010011010101001010110001110
011011010001011010110001110
100101001001011010110001110
000011010101001001011010110
001011010101001001011001110
010011010101001010110001110
011011010001011010110001110
100101001001011010110001110
000011010101001001011010110
001011010101001001011001110
010011010101001010110001110
011011010001011010110001110
100101001001011010110001110
000011010101001001011010110
001011010101001001011001110
010011010101001010110001110
011011010001011010110001110
100101001001011010110001110
000011010101001001011010110
001011010101001001011001110
010011010101001010110001110
011011010001011010110001110
100101001001011010110001110
000011010101001001011010110
001011010101001001011001110
010011010101001010110001110
011011010001011010110001110
100101001001011010110001110
000011010101001001011010110
001011010101001001011001110
010011010101001010110001110
011011010001011010110001110
100101001001011010110001110
000011010101001001011010110
001011010101001001011001110
010011010101001010110001110
011011010001011010110001110
100101001001011010110001110
000011010101001001011010110
001011010101001001011001110
010011010101001010110001110
011011010001011010110001110
100101001001011010110001110
000011010101001001011010110
001011010101001001011001110
010011010101001010110001110
011011010001011010110001110
100101001001011010110001110
000011010101001001011010110
001011010101001001011001110
010011010101001010110001110
011011010001011010110001110
100101001001011010110001110
000011010101001001011010110
001011010101001001011001110
010011010101001010110001110
011011010001011010110001110
100101001001011010110001110
000011010101001001011010110
001011010101001001011001110
010011010101001010110001110
011011010001011010110001110
100101001001011010110001110
000011010101001001011010110
001011010101001001011001110
010011010101001010110001110
011011010001011010110001110
100101001001011010110001110
000011010101001001011010110
001011010101001001011001110
010011010101001010110001110
011011010001011010110001110
100101001001011010110001110