0001101010100100101101
0101101010100110001110
1001001011010110001110
0001101010100100101101
0101101010100110001110
1001001011010110001110
0001101010100100101101
0101101010100110001110
1001001011010110001110
0001101010100100101101
0101101010100110001110
1001001011010110001110
0001101010100100101101
0101101010100110001110
1001001011010110001110
0001101010100100101101
0101101010100110001110
1001001011010110001110
0001101010100100101101
0101101010100110001110
1001001011010110001110
0001101010100100101101
0101101010100110001110
1001001011010110001110
0001101010100100101101
0101101010100110001110
1001001011010110001110
0001101010100100101101
0101101010100110001110
1001001011010110001110
0001101010100100101101
0101101010100110001110
1001001011010110001110
0001101010100100101101
0101101010100110001110
1001001011010110001110
0001101010100100101101
0101101010100110001110
1001001011010110001110
0001101010100100101101
0101101010100110001110
1001001011010110001110
0001101010100100101101
0101101010100110001110
1001001011010110001110
0001101010100100101101
0101101010100110001110
1001001011010110001110
0001101010100100101101
0101101010100110001110
1001001011010110001110
0001101010100100101101
0101101010100110001110
1001001011010110001110
0001101010100100101101
0101101010100110001110
1001001011010110001110
0001101010100100101101
0101101010100110001110
1001001011010110001110
0001101010100100101101
0101101010100110001110
1001001011010110001110
0001101010100100101101
0101101010100110001110
1001001011010110001110
0001101010100100101101
0101101010100110001110
1001001011010110001110
0001101010100100101101
0101101010100110001110
1001001011010110001110
0001101010100100101101
0101101010100110001110
1001001011010110001110
0001101010100100101101
0101101010100110001110
1001001011010110001110
0001101010100100101101
0101101010100110001110
1001001011010110001110
0001101010100100101101
0101101010100110001110
1001001011010110001110
0001101010100100101101
0101101010100110001110
1001001011010110001110
0001101010100100101101
0101101010100110001110
1001001011010110001110
0001101010100100101101
0101101010100110001110
1001001011010110001110
0001101010100100101101
0101101010100110001110
1001001011010110001110
0001101010100100101101
0101101010100110001110
1001001011010110001110
0001101010100100101101