000001
000110
001010
001110
010010
010101
011000
011110
100011
100101
101001
101110
110000
110111
111010
000001
000110
001010
001110
010010
010101
011000
011110
100011
100101
101001
101110
110000
110111
111010
000001
000110
001010
001110
010010
010101
011000
011110
100011
100101
101001
101110
110000
110111
111010
000001
000110
001010
001110
010010
010101
011000
011110
100011
100101
101001
101110
110000
110111
111010
000001
000110
001010
001110
010010
010101
011000
011110
100011
100101
101001
101110
110000
110111
111010
000001
000110
001010
001110
010010
010101
011000
011110
100011
100101
101001
101110
110000
110111
111010
000001
000110
001010
001110
010010
010101
011000
011110
100011
100101