000010
000110
001001
001101
010011
010101
011010
011101
100011
100111
101011
101111
110011
110111
111010
000010
000110
001001
001101
010011
010101
011010
011101
100011
100111
101011
101111
110011
110111
111010
000010
000110
001001
001101
010011
010101
011010
011101
100011
100111
101011
101111
110011
110111
111010
000010
000110
001001
001101
010011
010101
011010
011101
100011
100111
101011
101111
110011
110111
111010
000010
000110
001001
001101
010011
010101
011010
011101
100011
100111
101011
101111
110011
110111
111010
000010
000110
001001
001101
010011
010101
011010
011101
100011
100111
101011
101111
110011
110111
111010
000010
000110
001001
001101
010011
010101
011010
011101
100011
100111