0010100101110110011111
0110100101111111111110
1001100111111111111110
0010100101110110011111
0110100101111111111110
1001100111111111111110
0010100101110110011111
0110100101111111111110
1001100111111111111110
0010100101110110011111
0110100101111111111110
1001100111111111111110
0010100101110110011111
0110100101111111111110
1001100111111111111110
0010100101110110011111
0110100101111111111110
1001100111111111111110
0010100101110110011111
0110100101111111111110
1001100111111111111110
0010100101110110011111
0110100101111111111110
1001100111111111111110
0010100101110110011111
0110100101111111111110
1001100111111111111110
0010100101110110011111
0110100101111111111110
1001100111111111111110
0010100101110110011111
0110100101111111111110
1001100111111111111110
0010100101110110011111
0110100101111111111110
1001100111111111111110
0010100101110110011111
0110100101111111111110
1001100111111111111110
0010100101110110011111
0110100101111111111110
1001100111111111111110
0010100101110110011111
0110100101111111111110
1001100111111111111110
0010100101110110011111
0110100101111111111110
1001100111111111111110
0010100101110110011111
0110100101111111111110
1001100111111111111110
0010100101110110011111
0110100101111111111110
1001100111111111111110
0010100101110110011111
0110100101111111111110
1001100111111111111110
0010100101110110011111
0110100101111111111110
1001100111111111111110
0010100101110110011111
0110100101111111111110
1001100111111111111110
0010100101110110011111
0110100101111111111110
1001100111111111111110
0010100101110110011111
0110100101111111111110
1001100111111111111110
0010100101110110011111
0110100101111111111110
1001100111111111111110
0010100101110110011111
0110100101111111111110
1001100111111111111110
0010100101110110011111
0110100101111111111110
1001100111111111111110
0010100101110110011111
0110100101111111111110
1001100111111111111110
0010100101110110011111
0110100101111111111110
1001100111111111111110
0010100101110110011111
0110100101111111111110
1001100111111111111110
0010100101110110011111
0110100101111111111110
1001100111111111111110
0010100101110110011111
0110100101111111111110
1001100111111111111110
0010100101110110011111
0110100101111111111110
1001100111111111111110
0010100101110110011111
0110100101111111111110
1001100111111111111110
0010100101110110011111