000101001011101100111111111
001101001011101100111111110
010101001011101111111111110
011101001100111111111111110
100011101100111111111111110
000101001011101100111111111
001101001011101100111111110
010101001011101111111111110
011101001100111111111111110
100011101100111111111111110
000101001011101100111111111
001101001011101100111111110
010101001011101111111111110
011101001100111111111111110
100011101100111111111111110
000101001011101100111111111
001101001011101100111111110
010101001011101111111111110
011101001100111111111111110
100011101100111111111111110
000101001011101100111111111
001101001011101100111111110
010101001011101111111111110
011101001100111111111111110
100011101100111111111111110
000101001011101100111111111
001101001011101100111111110
010101001011101111111111110
011101001100111111111111110
100011101100111111111111110
000101001011101100111111111
001101001011101100111111110
010101001011101111111111110
011101001100111111111111110
100011101100111111111111110
000101001011101100111111111
001101001011101100111111110
010101001011101111111111110
011101001100111111111111110
100011101100111111111111110
000101001011101100111111111
001101001011101100111111110
010101001011101111111111110
011101001100111111111111110
100011101100111111111111110
000101001011101100111111111
001101001011101100111111110
010101001011101111111111110
011101001100111111111111110
100011101100111111111111110
000101001011101100111111111
001101001011101100111111110
010101001011101111111111110
011101001100111111111111110
100011101100111111111111110
000101001011101100111111111
001101001011101100111111110
010101001011101111111111110
011101001100111111111111110
100011101100111111111111110
000101001011101100111111111
001101001011101100111111110
010101001011101111111111110
011101001100111111111111110
100011101100111111111111110
000101001011101100111111111
001101001011101100111111110
010101001011101111111111110
011101001100111111111111110
100011101100111111111111110
000101001011101100111111111
001101001011101100111111110
010101001011101111111111110
011101001100111111111111110
100011101100111111111111110
000101001011101100111111111
001101001011101100111111110
010101001011101111111111110
011101001100111111111111110
100011101100111111111111110
000101001011101100111111111
001101001011101100111111110
010101001011101111111111110
011101001100111111111111110
100011101100111111111111110
000101001011101100111111111
001101001011101100111111110
010101001011101111111111110
011101001100111111111111110
100011101100111111111111110
000101001011101100111111111
001101001011101100111111110
010101001011101111111111110
011101001100111111111111110
100011101100111111111111110
000101001011101100111111111
001101001011101100111111110
010101001011101111111111110
011101001100111111111111110
100011101100111111111111110