00001101001011
01001101001100
10001011001100
00001101001011
01001101001100
10001011001100
00001101001011
01001101001100
10001011001100
00001101001011
01001101001100
10001011001100
00001101001011
01001101001100
10001011001100
00001101001011
01001101001100
10001011001100
00001101001011
01001101001100
10001011001100
00001101001011
01001101001100
10001011001100
00001101001011
01001101001100
10001011001100
00001101001011
01001101001100
10001011001100
00001101001011
01001101001100
10001011001100
00001101001011
01001101001100
10001011001100
00001101001011
01001101001100
10001011001100
00001101001011
01001101001100
10001011001100
00001101001011
01001101001100
10001011001100
00001101001011
01001101001100
10001011001100
00001101001011
01001101001100
10001011001100
00001101001011
01001101001100
10001011001100
00001101001011
01001101001100
10001011001100
00001101001011
01001101001100
10001011001100
00001101001011
01001101001100
10001011001100
00001101001011
01001101001100
10001011001100
00001101001011
01001101001100
10001011001100
00001101001011
01001101001100
10001011001100
00001101001011
01001101001100
10001011001100
00001101001011
01001101001100
10001011001100
00001101001011
01001101001100
10001011001100
00001101001011
01001101001100
10001011001100
00001101001011
01001101001100
10001011001100
00001101001011
01001101001100
10001011001100
00001101001011
01001101001100
10001011001100
00001101001011
01001101001100
10001011001100
00001101001011
01001101001100
10001011001100
00001101001011