0011010010
0111001100
0011010010
0111001100
0011010010
0111001100
0011010010
0111001100
0011010010
0111001100
0011010010
0111001100
0011010010
0111001100
0011010010
0111001100
0011010010
0111001100
0011010010
0111001100
0011010010
0111001100
0011010010
0111001100
0011010010
0111001100
0011010010
0111001100
0011010010
0111001100
0011010010
0111001100
0011010010
0111001100
0011010010
0111001100
0011010010
0111001100
0011010010
0111001100
0011010010
0111001100
0011010010
0111001100
0011010010
0111001100
0011010010
0111001100
0011010010
0111001100
0011010010
0111001100
0011010010
0111001100
0011010010
0111001100
0011010010
0111001100
0011010010
0111001100
0011010010
0111001100
0011010010
0111001100
0011010010
0111001100
0011010010
0111001100
0011010010
0111001100
0011010010
0111001100
0011010010
0111001100
0011010010
0111001100
0011010010
0111001100
0011010010
0111001100
0011010010
0111001100
0011010010
0111001100
0011010010
0111001100
0011010010
0111001100
0011010010
0111001100
0011010010
0111001100
0011010010
0111001100
0011010010
0111001100
0011010010
0111001100
0011010010
0111001100