0001101
0010010
0101100
0111100
0001101
0010010
0101100
0111100
0001101
0010010
0101100
0111100
0001101
0010010
0101100
0111100
0001101
0010010
0101100
0111100
0001101
0010010
0101100
0111100
0001101
0010010
0101100
0111100
0001101
0010010
0101100
0111100
0001101
0010010
0101100
0111100
0001101
0010010
0101100
0111100
0001101
0010010
0101100
0111100
0001101
0010010
0101100
0111100
0001101
0010010
0101100
0111100
0001101
0010010
0101100
0111100
0001101
0010010
0101100
0111100
0001101
0010010
0101100
0111100
0001101
0010010
0101100
0111100
0001101
0010010
0101100
0111100
0001101
0010010
0101100
0111100
0001101
0010010
0101100
0111100
0001101
0010010
0101100
0111100
0001101
0010010
0101100
0111100
0001101
0010010
0101100
0111100
0001101
0010010
0101100
0111100
0001101
0010010
0101100
0111100