000001
001101
010001
011011
100001
101100
000001
001101
010001
011011
100001
101100
000001
001101
010001
011011
100001
101100
000001
001101
010001
011011
100001
101100
000001
001101
010001
011011
100001
101100
000001
001101
010001
011011
100001
101100
000001
001101
010001
011011
100001
101100
000001
001101
010001
011011
100001
101100
000001
001101
010001
011011
100001
101100
000001
001101
010001
011011
100001
101100
000001
001101
010001
011011
100001
101100
000001
001101
010001
011011
100001
101100
000001
001101
010001
011011
100001
101100
000001
001101
010001
011011
100001
101100
000001
001101
010001
011011
100001
101100
000001
001101
010001
011011
100001
101100
000001
001101
010001
011011