0010111010010000100011
0110111010011000011001
1000001000111000011001
0010111010010000100011
0110111010011000011001
1000001000111000011001
0010111010010000100011
0110111010011000011001
1000001000111000011001
0010111010010000100011
0110111010011000011001
1000001000111000011001
0010111010010000100011
0110111010011000011001
1000001000111000011001
0010111010010000100011
0110111010011000011001
1000001000111000011001
0010111010010000100011
0110111010011000011001
1000001000111000011001
0010111010010000100011
0110111010011000011001
1000001000111000011001
0010111010010000100011
0110111010011000011001
1000001000111000011001
0010111010010000100011
0110111010011000011001
1000001000111000011001
0010111010010000100011
0110111010011000011001
1000001000111000011001
0010111010010000100011
0110111010011000011001
1000001000111000011001
0010111010010000100011
0110111010011000011001
1000001000111000011001
0010111010010000100011
0110111010011000011001
1000001000111000011001
0010111010010000100011
0110111010011000011001
1000001000111000011001
0010111010010000100011
0110111010011000011001
1000001000111000011001
0010111010010000100011
0110111010011000011001
1000001000111000011001
0010111010010000100011
0110111010011000011001
1000001000111000011001
0010111010010000100011
0110111010011000011001
1000001000111000011001
0010111010010000100011
0110111010011000011001
1000001000111000011001
0010111010010000100011
0110111010011000011001
1000001000111000011001
0010111010010000100011
0110111010011000011001
1000001000111000011001
0010111010010000100011
0110111010011000011001
1000001000111000011001
0010111010010000100011
0110111010011000011001
1000001000111000011001
0010111010010000100011
0110111010011000011001
1000001000111000011001
0010111010010000100011
0110111010011000011001
1000001000111000011001
0010111010010000100011
0110111010011000011001
1000001000111000011001
0010111010010000100011
0110111010011000011001
1000001000111000011001
0010111010010000100011
0110111010011000011001
1000001000111000011001
0010111010010000100011
0110111010011000011001
1000001000111000011001
0010111010010000100011
0110111010011000011001
1000001000111000011001
0010111010010000100011
0110111010011000011001
1000001000111000011001
0010111010010000100011
0110111010011000011001
1000001000111000011001
0010111010010000100011