000101110100100001000111000
001101110100100001000011001
010101110100100111000011001
011101110001000111000011001
100100100001000111000011001
000101110100100001000111000
001101110100100001000011001
010101110100100111000011001
011101110001000111000011001
100100100001000111000011001
000101110100100001000111000
001101110100100001000011001
010101110100100111000011001
011101110001000111000011001
100100100001000111000011001
000101110100100001000111000
001101110100100001000011001
010101110100100111000011001
011101110001000111000011001
100100100001000111000011001
000101110100100001000111000
001101110100100001000011001
010101110100100111000011001
011101110001000111000011001
100100100001000111000011001
000101110100100001000111000
001101110100100001000011001
010101110100100111000011001
011101110001000111000011001
100100100001000111000011001
000101110100100001000111000
001101110100100001000011001
010101110100100111000011001
011101110001000111000011001
100100100001000111000011001
000101110100100001000111000
001101110100100001000011001
010101110100100111000011001
011101110001000111000011001
100100100001000111000011001
000101110100100001000111000
001101110100100001000011001
010101110100100111000011001
011101110001000111000011001
100100100001000111000011001
000101110100100001000111000
001101110100100001000011001
010101110100100111000011001
011101110001000111000011001
100100100001000111000011001
000101110100100001000111000
001101110100100001000011001
010101110100100111000011001
011101110001000111000011001
100100100001000111000011001
000101110100100001000111000
001101110100100001000011001
010101110100100111000011001
011101110001000111000011001
100100100001000111000011001
000101110100100001000111000
001101110100100001000011001
010101110100100111000011001
011101110001000111000011001
100100100001000111000011001
000101110100100001000111000
001101110100100001000011001
010101110100100111000011001
011101110001000111000011001
100100100001000111000011001
000101110100100001000111000
001101110100100001000011001
010101110100100111000011001
011101110001000111000011001
100100100001000111000011001
000101110100100001000111000
001101110100100001000011001
010101110100100111000011001
011101110001000111000011001
100100100001000111000011001
000101110100100001000111000
001101110100100001000011001
010101110100100111000011001
011101110001000111000011001
100100100001000111000011001
000101110100100001000111000
001101110100100001000011001
010101110100100111000011001
011101110001000111000011001
100100100001000111000011001
000101110100100001000111000
001101110100100001000011001
010101110100100111000011001
011101110001000111000011001
100100100001000111000011001
000101110100100001000111000
001101110100100001000011001
010101110100100111000011001
011101110001000111000011001
100100100001000111000011001