000010
000111
001010
001110
010001
010100
011000
011110
100000
100111
101010
101100
110001
110110
111001
000010
000111
001010
001110
010001
010100
011000
011110
100000
100111
101010
101100
110001
110110
111001
000010
000111
001010
001110
010001
010100
011000
011110
100000
100111
101010
101100
110001
110110
111001
000010
000111
001010
001110
010001
010100
011000
011110
100000
100111
101010
101100
110001
110110
111001
000010
000111
001010
001110
010001
010100
011000
011110
100000
100111
101010
101100
110001
110110
111001
000010
000111
001010
001110
010001
010100
011000
011110
100000
100111
101010
101100
110001
110110
111001
000010
000111
001010
001110
010001
010100
011000
011110
100000
100111