0000111100
0100101110
0000111100
0100101110
0000111100
0100101110
0000111100
0100101110
0000111100
0100101110
0000111100
0100101110
0000111100
0100101110
0000111100
0100101110
0000111100
0100101110
0000111100
0100101110
0000111100
0100101110
0000111100
0100101110
0000111100
0100101110
0000111100
0100101110
0000111100
0100101110
0000111100
0100101110
0000111100
0100101110
0000111100
0100101110
0000111100
0100101110
0000111100
0100101110
0000111100
0100101110
0000111100
0100101110
0000111100
0100101110
0000111100
0100101110
0000111100
0100101110
0000111100
0100101110
0000111100
0100101110
0000111100
0100101110
0000111100
0100101110
0000111100
0100101110
0000111100
0100101110
0000111100
0100101110
0000111100
0100101110
0000111100
0100101110
0000111100
0100101110
0000111100
0100101110
0000111100
0100101110
0000111100
0100101110
0000111100
0100101110
0000111100
0100101110
0000111100
0100101110
0000111100
0100101110
0000111100
0100101110
0000111100
0100101110
0000111100
0100101110
0000111100
0100101110
0000111100
0100101110
0000111100
0100101110
0000111100
0100101110
0000111100
0100101110