00000011110000
01000011101110
10110000101110
00000011110000
01000011101110
10110000101110
00000011110000
01000011101110
10110000101110
00000011110000
01000011101110
10110000101110
00000011110000
01000011101110
10110000101110
00000011110000
01000011101110
10110000101110
00000011110000
01000011101110
10110000101110
00000011110000
01000011101110
10110000101110
00000011110000
01000011101110
10110000101110
00000011110000
01000011101110
10110000101110
00000011110000
01000011101110
10110000101110
00000011110000
01000011101110
10110000101110
00000011110000
01000011101110
10110000101110
00000011110000
01000011101110
10110000101110
00000011110000
01000011101110
10110000101110
00000011110000
01000011101110
10110000101110
00000011110000
01000011101110
10110000101110
00000011110000
01000011101110
10110000101110
00000011110000
01000011101110
10110000101110
00000011110000
01000011101110
10110000101110
00000011110000
01000011101110
10110000101110
00000011110000
01000011101110
10110000101110
00000011110000
01000011101110
10110000101110
00000011110000
01000011101110
10110000101110
00000011110000
01000011101110
10110000101110
00000011110000
01000011101110
10110000101110
00000011110000
01000011101110
10110000101110
00000011110000
01000011101110
10110000101110
00000011110000
01000011101110
10110000101110
00000011110000
01000011101110
10110000101110
00000011110000
01000011101110
10110000101110
00000011110000
01000011101110
10110000101110
00000011110000
01000011101110
10110000101110
00000011110000