000000
001011
010110
011000
100101
101110
000000
001011
010110
011000
100101
101110
000000
001011
010110
011000
100101
101110
000000
001011
010110
011000
100101
101110
000000
001011
010110
011000
100101
101110
000000
001011
010110
011000
100101
101110
000000
001011
010110
011000
100101
101110
000000
001011
010110
011000
100101
101110
000000
001011
010110
011000
100101
101110
000000
001011
010110
011000
100101
101110
000000
001011
010110
011000
100101
101110
000000
001011
010110
011000
100101
101110
000000
001011
010110
011000
100101
101110
000000
001011
010110
011000
100101
101110
000000
001011
010110
011000
100101
101110
000000
001011
010110
011000
100101
101110
000000
001011
010110
011000