0000011
0011100
0100010
0111110
0000011
0011100
0100010
0111110
0000011
0011100
0100010
0111110
0000011
0011100
0100010
0111110
0000011
0011100
0100010
0111110
0000011
0011100
0100010
0111110
0000011
0011100
0100010
0111110
0000011
0011100
0100010
0111110
0000011
0011100
0100010
0111110
0000011
0011100
0100010
0111110
0000011
0011100
0100010
0111110
0000011
0011100
0100010
0111110
0000011
0011100
0100010
0111110
0000011
0011100
0100010
0111110
0000011
0011100
0100010
0111110
0000011
0011100
0100010
0111110
0000011
0011100
0100010
0111110
0000011
0011100
0100010
0111110
0000011
0011100
0100010
0111110
0000011
0011100
0100010
0111110
0000011
0011100
0100010
0111110
0000011
0011100
0100010
0111110
0000011
0011100
0100010
0111110
0000011
0011100
0100010
0111110
0000011
0011100
0100010
0111110