00001001001010
01001001110011
10001010110011
00001001001010
01001001110011
10001010110011
00001001001010
01001001110011
10001010110011
00001001001010
01001001110011
10001010110011
00001001001010
01001001110011
10001010110011
00001001001010
01001001110011
10001010110011
00001001001010
01001001110011
10001010110011
00001001001010
01001001110011
10001010110011
00001001001010
01001001110011
10001010110011
00001001001010
01001001110011
10001010110011
00001001001010
01001001110011
10001010110011
00001001001010
01001001110011
10001010110011
00001001001010
01001001110011
10001010110011
00001001001010
01001001110011
10001010110011
00001001001010
01001001110011
10001010110011
00001001001010
01001001110011
10001010110011
00001001001010
01001001110011
10001010110011
00001001001010
01001001110011
10001010110011
00001001001010
01001001110011
10001010110011
00001001001010
01001001110011
10001010110011
00001001001010
01001001110011
10001010110011
00001001001010
01001001110011
10001010110011
00001001001010
01001001110011
10001010110011
00001001001010
01001001110011
10001010110011
00001001001010
01001001110011
10001010110011
00001001001010
01001001110011
10001010110011
00001001001010
01001001110011
10001010110011
00001001001010
01001001110011
10001010110011
00001001001010
01001001110011
10001010110011
00001001001010
01001001110011
10001010110011
00001001001010
01001001110011
10001010110011
00001001001010
01001001110011
10001010110011
00001001001010
01001001110011
10001010110011
00001001001010