0001001
0010010
0101011
0110011
0001001
0010010
0101011
0110011
0001001
0010010
0101011
0110011
0001001
0010010
0101011
0110011
0001001
0010010
0101011
0110011
0001001
0010010
0101011
0110011
0001001
0010010
0101011
0110011
0001001
0010010
0101011
0110011
0001001
0010010
0101011
0110011
0001001
0010010
0101011
0110011
0001001
0010010
0101011
0110011
0001001
0010010
0101011
0110011
0001001
0010010
0101011
0110011
0001001
0010010
0101011
0110011
0001001
0010010
0101011
0110011
0001001
0010010
0101011
0110011
0001001
0010010
0101011
0110011
0001001
0010010
0101011
0110011
0001001
0010010
0101011
0110011
0001001
0010010
0101011
0110011
0001001
0010010
0101011
0110011
0001001
0010010
0101011
0110011
0001001
0010010
0101011
0110011
0001001
0010010
0101011
0110011
0001001
0010010
0101011
0110011