000001
001001
010001
011010
100110
101011
000001
001001
010001
011010
100110
101011
000001
001001
010001
011010
100110
101011
000001
001001
010001
011010
100110
101011
000001
001001
010001
011010
100110
101011
000001
001001
010001
011010
100110
101011
000001
001001
010001
011010
100110
101011
000001
001001
010001
011010
100110
101011
000001
001001
010001
011010
100110
101011
000001
001001
010001
011010
100110
101011
000001
001001
010001
011010
100110
101011
000001
001001
010001
011010
100110
101011
000001
001001
010001
011010
100110
101011
000001
001001
010001
011010
100110
101011
000001
001001
010001
011010
100110
101011
000001
001001
010001
011010
100110
101011
000001
001001
010001
011010