0010010010
0110110011
0010010010
0110110011
0010010010
0110110011
0010010010
0110110011
0010010010
0110110011
0010010010
0110110011
0010010010
0110110011
0010010010
0110110011
0010010010
0110110011
0010010010
0110110011
0010010010
0110110011
0010010010
0110110011
0010010010
0110110011
0010010010
0110110011
0010010010
0110110011
0010010010
0110110011
0010010010
0110110011
0010010010
0110110011
0010010010
0110110011
0010010010
0110110011
0010010010
0110110011
0010010010
0110110011
0010010010
0110110011
0010010010
0110110011
0010010010
0110110011
0010010010
0110110011
0010010010
0110110011
0010010010
0110110011
0010010010
0110110011
0010010010
0110110011
0010010010
0110110011
0010010010
0110110011
0010010010
0110110011
0010010010
0110110011
0010010010
0110110011
0010010010
0110110011
0010010010
0110110011
0010010010
0110110011
0010010010
0110110011
0010010010
0110110011
0010010010
0110110011
0010010010
0110110011
0010010010
0110110011
0010010010
0110110011
0010010010
0110110011
0010010010
0110110011
0010010010
0110110011
0010010010
0110110011
0010010010
0110110011
0010010010
0110110011