00001100010111
01001100000011
10010111000011
00001100010111
01001100000011
10010111000011
00001100010111
01001100000011
10010111000011
00001100010111
01001100000011
10010111000011
00001100010111
01001100000011
10010111000011
00001100010111
01001100000011
10010111000011
00001100010111
01001100000011
10010111000011
00001100010111
01001100000011
10010111000011
00001100010111
01001100000011
10010111000011
00001100010111
01001100000011
10010111000011
00001100010111
01001100000011
10010111000011
00001100010111
01001100000011
10010111000011
00001100010111
01001100000011
10010111000011
00001100010111
01001100000011
10010111000011
00001100010111
01001100000011
10010111000011
00001100010111
01001100000011
10010111000011
00001100010111
01001100000011
10010111000011
00001100010111
01001100000011
10010111000011
00001100010111
01001100000011
10010111000011
00001100010111
01001100000011
10010111000011
00001100010111
01001100000011
10010111000011
00001100010111
01001100000011
10010111000011
00001100010111
01001100000011
10010111000011
00001100010111
01001100000011
10010111000011
00001100010111
01001100000011
10010111000011
00001100010111
01001100000011
10010111000011
00001100010111
01001100000011
10010111000011
00001100010111
01001100000011
10010111000011
00001100010111
01001100000011
10010111000011
00001100010111
01001100000011
10010111000011
00001100010111
01001100000011
10010111000011
00001100010111
01001100000011
10010111000011
00001100010111
01001100000011
10010111000011
00001100010111