0011000101
0111000011
0011000101
0111000011
0011000101
0111000011
0011000101
0111000011
0011000101
0111000011
0011000101
0111000011
0011000101
0111000011
0011000101
0111000011
0011000101
0111000011
0011000101
0111000011
0011000101
0111000011
0011000101
0111000011
0011000101
0111000011
0011000101
0111000011
0011000101
0111000011
0011000101
0111000011
0011000101
0111000011
0011000101
0111000011
0011000101
0111000011
0011000101
0111000011
0011000101
0111000011
0011000101
0111000011
0011000101
0111000011
0011000101
0111000011
0011000101
0111000011
0011000101
0111000011
0011000101
0111000011
0011000101
0111000011
0011000101
0111000011
0011000101
0111000011
0011000101
0111000011
0011000101
0111000011
0011000101
0111000011
0011000101
0111000011
0011000101
0111000011
0011000101
0111000011
0011000101
0111000011
0011000101
0111000011
0011000101
0111000011
0011000101
0111000011
0011000101
0111000011
0011000101
0111000011
0011000101
0111000011
0011000101
0111000011
0011000101
0111000011
0011000101
0111000011
0011000101
0111000011
0011000101
0111000011
0011000101
0111000011
0011000101
0111000011