0001100
0010101
0101100
0110011
0001100
0010101
0101100
0110011
0001100
0010101
0101100
0110011
0001100
0010101
0101100
0110011
0001100
0010101
0101100
0110011
0001100
0010101
0101100
0110011
0001100
0010101
0101100
0110011
0001100
0010101
0101100
0110011
0001100
0010101
0101100
0110011
0001100
0010101
0101100
0110011
0001100
0010101
0101100
0110011
0001100
0010101
0101100
0110011
0001100
0010101
0101100
0110011
0001100
0010101
0101100
0110011
0001100
0010101
0101100
0110011
0001100
0010101
0101100
0110011
0001100
0010101
0101100
0110011
0001100
0010101
0101100
0110011
0001100
0010101
0101100
0110011
0001100
0010101
0101100
0110011
0001100
0010101
0101100
0110011
0001100
0010101
0101100
0110011
0001100
0010101
0101100
0110011
0001100
0010101
0101100
0110011
0001100
0010101
0101100
0110011