000001
001100
010010
011111
100000
101011
000001
001100
010010
011111
100000
101011
000001
001100
010010
011111
100000
101011
000001
001100
010010
011111
100000
101011
000001
001100
010010
011111
100000
101011
000001
001100
010010
011111
100000
101011
000001
001100
010010
011111
100000
101011
000001
001100
010010
011111
100000
101011
000001
001100
010010
011111
100000
101011
000001
001100
010010
011111
100000
101011
000001
001100
010010
011111
100000
101011
000001
001100
010010
011111
100000
101011
000001
001100
010010
011111
100000
101011
000001
001100
010010
011111
100000
101011
000001
001100
010010
011111
100000
101011
000001
001100
010010
011111
100000
101011
000001
001100
010010
011111