00101
01111
10011
00101
01111
10011
00101
01111
10011
00101
01111
10011
00101
01111
10011
00101
01111
10011
00101
01111
10011
00101
01111
10011
00101
01111
10011
00101
01111
10011
00101
01111
10011
00101
01111
10011
00101
01111
10011
00101
01111
10011
00101
01111
10011
00101
01111
10011
00101
01111
10011
00101
01111
10011
00101
01111
10011
00101
01111
10011
00101
01111
10011
00101
01111
10011
00101
01111
10011
00101
01111
10011
00101
01111
10011
00101
01111
10011
00101
01111
10011
00101
01111
10011
00101
01111
10011
00101
01111
10011
00101
01111
10011
00101
01111
10011
00101
01111
10011
00101