00101111
01101011
10111011
00101111
01101011
10111011
00101111
01101011
10111011
00101111
01101011
10111011
00101111
01101011
10111011
00101111
01101011
10111011
00101111
01101011
10111011
00101111
01101011
10111011
00101111
01101011
10111011
00101111
01101011
10111011
00101111
01101011
10111011
00101111
01101011
10111011
00101111
01101011
10111011
00101111
01101011
10111011
00101111
01101011
10111011
00101111
01101011
10111011
00101111
01101011
10111011
00101111
01101011
10111011
00101111
01101011
10111011
00101111
01101011
10111011
00101111
01101011
10111011
00101111
01101011
10111011
00101111
01101011
10111011
00101111
01101011
10111011
00101111
01101011
10111011
00101111
01101011
10111011
00101111
01101011
10111011
00101111
01101011
10111011
00101111
01101011
10111011
00101111
01101011
10111011
00101111
01101011
10111011
00101111
01101011
10111011
00101111
01101011
10111011
00101111