0001011
0111011
0001011
0111011
0001011
0111011
0001011
0111011
0001011
0111011
0001011
0111011
0001011
0111011
0001011
0111011
0001011
0111011
0001011
0111011
0001011
0111011
0001011
0111011
0001011
0111011
0001011
0111011
0001011
0111011
0001011
0111011
0001011
0111011
0001011
0111011
0001011
0111011
0001011
0111011
0001011
0111011
0001011
0111011
0001011
0111011
0001011
0111011
0001011
0111011
0001011
0111011
0001011
0111011
0001011
0111011
0001011
0111011
0001011
0111011
0001011
0111011
0001011
0111011
0001011
0111011
0001011
0111011
0001011
0111011
0001011
0111011
0001011
0111011
0001011
0111011
0001011
0111011
0001011
0111011
0001011
0111011
0001011
0111011
0001011
0111011
0001011
0111011
0001011
0111011
0001011
0111011
0001011
0111011
0001011
0111011
0001011
0111011
0001011
0111011