000011000110000001111101111
001011000110000001111011010
010011000110000101111011010
011011000001111101111011010
100110000001111101111011010
000011000110000001111101111
001011000110000001111011010
010011000110000101111011010
011011000001111101111011010
100110000001111101111011010
000011000110000001111101111
001011000110000001111011010
010011000110000101111011010
011011000001111101111011010
100110000001111101111011010
000011000110000001111101111
001011000110000001111011010
010011000110000101111011010
011011000001111101111011010
100110000001111101111011010
000011000110000001111101111
001011000110000001111011010
010011000110000101111011010
011011000001111101111011010
100110000001111101111011010
000011000110000001111101111
001011000110000001111011010
010011000110000101111011010
011011000001111101111011010
100110000001111101111011010
000011000110000001111101111
001011000110000001111011010
010011000110000101111011010
011011000001111101111011010
100110000001111101111011010
000011000110000001111101111
001011000110000001111011010
010011000110000101111011010
011011000001111101111011010
100110000001111101111011010
000011000110000001111101111
001011000110000001111011010
010011000110000101111011010
011011000001111101111011010
100110000001111101111011010
000011000110000001111101111
001011000110000001111011010
010011000110000101111011010
011011000001111101111011010
100110000001111101111011010
000011000110000001111101111
001011000110000001111011010
010011000110000101111011010
011011000001111101111011010
100110000001111101111011010
000011000110000001111101111
001011000110000001111011010
010011000110000101111011010
011011000001111101111011010
100110000001111101111011010
000011000110000001111101111
001011000110000001111011010
010011000110000101111011010
011011000001111101111011010
100110000001111101111011010
000011000110000001111101111
001011000110000001111011010
010011000110000101111011010
011011000001111101111011010
100110000001111101111011010
000011000110000001111101111
001011000110000001111011010
010011000110000101111011010
011011000001111101111011010
100110000001111101111011010
000011000110000001111101111
001011000110000001111011010
010011000110000101111011010
011011000001111101111011010
100110000001111101111011010
000011000110000001111101111
001011000110000001111011010
010011000110000101111011010
011011000001111101111011010
100110000001111101111011010
000011000110000001111101111
001011000110000001111011010
010011000110000101111011010
011011000001111101111011010
100110000001111101111011010
000011000110000001111101111
001011000110000001111011010
010011000110000101111011010
011011000001111101111011010
100110000001111101111011010
000011000110000001111101111
001011000110000001111011010
010011000110000101111011010
011011000001111101111011010
100110000001111101111011010