0001100011000000111110
0101100011001111011010
1000001111101111011010
0001100011000000111110
0101100011001111011010
1000001111101111011010
0001100011000000111110
0101100011001111011010
1000001111101111011010
0001100011000000111110
0101100011001111011010
1000001111101111011010
0001100011000000111110
0101100011001111011010
1000001111101111011010
0001100011000000111110
0101100011001111011010
1000001111101111011010
0001100011000000111110
0101100011001111011010
1000001111101111011010
0001100011000000111110
0101100011001111011010
1000001111101111011010
0001100011000000111110
0101100011001111011010
1000001111101111011010
0001100011000000111110
0101100011001111011010
1000001111101111011010
0001100011000000111110
0101100011001111011010
1000001111101111011010
0001100011000000111110
0101100011001111011010
1000001111101111011010
0001100011000000111110
0101100011001111011010
1000001111101111011010
0001100011000000111110
0101100011001111011010
1000001111101111011010
0001100011000000111110
0101100011001111011010
1000001111101111011010
0001100011000000111110
0101100011001111011010
1000001111101111011010
0001100011000000111110
0101100011001111011010
1000001111101111011010
0001100011000000111110
0101100011001111011010
1000001111101111011010
0001100011000000111110
0101100011001111011010
1000001111101111011010
0001100011000000111110
0101100011001111011010
1000001111101111011010
0001100011000000111110
0101100011001111011010
1000001111101111011010
0001100011000000111110
0101100011001111011010
1000001111101111011010
0001100011000000111110
0101100011001111011010
1000001111101111011010
0001100011000000111110
0101100011001111011010
1000001111101111011010
0001100011000000111110
0101100011001111011010
1000001111101111011010
0001100011000000111110
0101100011001111011010
1000001111101111011010
0001100011000000111110
0101100011001111011010
1000001111101111011010
0001100011000000111110
0101100011001111011010
1000001111101111011010
0001100011000000111110
0101100011001111011010
1000001111101111011010
0001100011000000111110
0101100011001111011010
1000001111101111011010
0001100011000000111110
0101100011001111011010
1000001111101111011010
0001100011000000111110
0101100011001111011010
1000001111101111011010
0001100011000000111110
0101100011001111011010
1000001111101111011010
0001100011000000111110