000001
000110
001000
001111
010000
010100
011000
011111
100011
100110
101011
101111
110001
110110
111010
000001
000110
001000
001111
010000
010100
011000
011111
100011
100110
101011
101111
110001
110110
111010
000001
000110
001000
001111
010000
010100
011000
011111
100011
100110
101011
101111
110001
110110
111010
000001
000110
001000
001111
010000
010100
011000
011111
100011
100110
101011
101111
110001
110110
111010
000001
000110
001000
001111
010000
010100
011000
011111
100011
100110
101011
101111
110001
110110
111010
000001
000110
001000
001111
010000
010100
011000
011111
100011
100110
101011
101111
110001
110110
111010
000001
000110
001000
001111
010000
010100
011000
011111
100011
100110