0001000
0010000
0101110
0110011
0001000
0010000
0101110
0110011
0001000
0010000
0101110
0110011
0001000
0010000
0101110
0110011
0001000
0010000
0101110
0110011
0001000
0010000
0101110
0110011
0001000
0010000
0101110
0110011
0001000
0010000
0101110
0110011
0001000
0010000
0101110
0110011
0001000
0010000
0101110
0110011
0001000
0010000
0101110
0110011
0001000
0010000
0101110
0110011
0001000
0010000
0101110
0110011
0001000
0010000
0101110
0110011
0001000
0010000
0101110
0110011
0001000
0010000
0101110
0110011
0001000
0010000
0101110
0110011
0001000
0010000
0101110
0110011
0001000
0010000
0101110
0110011
0001000
0010000
0101110
0110011
0001000
0010000
0101110
0110011
0001000
0010000
0101110
0110011
0001000
0010000
0101110
0110011
0001000
0010000
0101110
0110011
0001000
0010000
0101110
0110011