00001000000011
01001000100011
10000011100011
00001000000011
01001000100011
10000011100011
00001000000011
01001000100011
10000011100011
00001000000011
01001000100011
10000011100011
00001000000011
01001000100011
10000011100011
00001000000011
01001000100011
10000011100011
00001000000011
01001000100011
10000011100011
00001000000011
01001000100011
10000011100011
00001000000011
01001000100011
10000011100011
00001000000011
01001000100011
10000011100011
00001000000011
01001000100011
10000011100011
00001000000011
01001000100011
10000011100011
00001000000011
01001000100011
10000011100011
00001000000011
01001000100011
10000011100011
00001000000011
01001000100011
10000011100011
00001000000011
01001000100011
10000011100011
00001000000011
01001000100011
10000011100011
00001000000011
01001000100011
10000011100011
00001000000011
01001000100011
10000011100011
00001000000011
01001000100011
10000011100011
00001000000011
01001000100011
10000011100011
00001000000011
01001000100011
10000011100011
00001000000011
01001000100011
10000011100011
00001000000011
01001000100011
10000011100011
00001000000011
01001000100011
10000011100011
00001000000011
01001000100011
10000011100011
00001000000011
01001000100011
10000011100011
00001000000011
01001000100011
10000011100011
00001000000011
01001000100011
10000011100011
00001000000011
01001000100011
10000011100011
00001000000011
01001000100011
10000011100011
00001000000011
01001000100011
10000011100011
00001000000011
01001000100011
10000011100011
00001000000011