000001
001000
010000
011011
100100
101011
000001
001000
010000
011011
100100
101011
000001
001000
010000
011011
100100
101011
000001
001000
010000
011011
100100
101011
000001
001000
010000
011011
100100
101011
000001
001000
010000
011011
100100
101011
000001
001000
010000
011011
100100
101011
000001
001000
010000
011011
100100
101011
000001
001000
010000
011011
100100
101011
000001
001000
010000
011011
100100
101011
000001
001000
010000
011011
100100
101011
000001
001000
010000
011011
100100
101011
000001
001000
010000
011011
100100
101011
000001
001000
010000
011011
100100
101011
000001
001000
010000
011011
100100
101011
000001
001000
010000
011011
100100
101011
000001
001000
010000
011011