0010000000
0111100011
0010000000
0111100011
0010000000
0111100011
0010000000
0111100011
0010000000
0111100011
0010000000
0111100011
0010000000
0111100011
0010000000
0111100011
0010000000
0111100011
0010000000
0111100011
0010000000
0111100011
0010000000
0111100011
0010000000
0111100011
0010000000
0111100011
0010000000
0111100011
0010000000
0111100011
0010000000
0111100011
0010000000
0111100011
0010000000
0111100011
0010000000
0111100011
0010000000
0111100011
0010000000
0111100011
0010000000
0111100011
0010000000
0111100011
0010000000
0111100011
0010000000
0111100011
0010000000
0111100011
0010000000
0111100011
0010000000
0111100011
0010000000
0111100011
0010000000
0111100011
0010000000
0111100011
0010000000
0111100011
0010000000
0111100011
0010000000
0111100011
0010000000
0111100011
0010000000
0111100011
0010000000
0111100011
0010000000
0111100011
0010000000
0111100011
0010000000
0111100011
0010000000
0111100011
0010000000
0111100011
0010000000
0111100011
0010000000
0111100011
0010000000
0111100011
0010000000
0111100011
0010000000
0111100011
0010000000
0111100011
0010000000
0111100011