000010110000011100011111011
001010110000011100011110100
010010110000011111011110100
011010110100011111011110100
100000011100011111011110100
000010110000011100011111011
001010110000011100011110100
010010110000011111011110100
011010110100011111011110100
100000011100011111011110100
000010110000011100011111011
001010110000011100011110100
010010110000011111011110100
011010110100011111011110100
100000011100011111011110100
000010110000011100011111011
001010110000011100011110100
010010110000011111011110100
011010110100011111011110100
100000011100011111011110100
000010110000011100011111011
001010110000011100011110100
010010110000011111011110100
011010110100011111011110100
100000011100011111011110100
000010110000011100011111011
001010110000011100011110100
010010110000011111011110100
011010110100011111011110100
100000011100011111011110100
000010110000011100011111011
001010110000011100011110100
010010110000011111011110100
011010110100011111011110100
100000011100011111011110100
000010110000011100011111011
001010110000011100011110100
010010110000011111011110100
011010110100011111011110100
100000011100011111011110100
000010110000011100011111011
001010110000011100011110100
010010110000011111011110100
011010110100011111011110100
100000011100011111011110100
000010110000011100011111011
001010110000011100011110100
010010110000011111011110100
011010110100011111011110100
100000011100011111011110100
000010110000011100011111011
001010110000011100011110100
010010110000011111011110100
011010110100011111011110100
100000011100011111011110100
000010110000011100011111011
001010110000011100011110100
010010110000011111011110100
011010110100011111011110100
100000011100011111011110100
000010110000011100011111011
001010110000011100011110100
010010110000011111011110100
011010110100011111011110100
100000011100011111011110100
000010110000011100011111011
001010110000011100011110100
010010110000011111011110100
011010110100011111011110100
100000011100011111011110100
000010110000011100011111011
001010110000011100011110100
010010110000011111011110100
011010110100011111011110100
100000011100011111011110100
000010110000011100011111011
001010110000011100011110100
010010110000011111011110100
011010110100011111011110100
100000011100011111011110100
000010110000011100011111011
001010110000011100011110100
010010110000011111011110100
011010110100011111011110100
100000011100011111011110100
000010110000011100011111011
001010110000011100011110100
010010110000011111011110100
011010110100011111011110100
100000011100011111011110100
000010110000011100011111011
001010110000011100011110100
010010110000011111011110100
011010110100011111011110100
100000011100011111011110100
000010110000011100011111011
001010110000011100011110100
010010110000011111011110100
011010110100011111011110100
100000011100011111011110100