0001011000001110001111
0101011000001011110100
1011100011111011110100
0001011000001110001111
0101011000001011110100
1011100011111011110100
0001011000001110001111
0101011000001011110100
1011100011111011110100
0001011000001110001111
0101011000001011110100
1011100011111011110100
0001011000001110001111
0101011000001011110100
1011100011111011110100
0001011000001110001111
0101011000001011110100
1011100011111011110100
0001011000001110001111
0101011000001011110100
1011100011111011110100
0001011000001110001111
0101011000001011110100
1011100011111011110100
0001011000001110001111
0101011000001011110100
1011100011111011110100
0001011000001110001111
0101011000001011110100
1011100011111011110100
0001011000001110001111
0101011000001011110100
1011100011111011110100
0001011000001110001111
0101011000001011110100
1011100011111011110100
0001011000001110001111
0101011000001011110100
1011100011111011110100
0001011000001110001111
0101011000001011110100
1011100011111011110100
0001011000001110001111
0101011000001011110100
1011100011111011110100
0001011000001110001111
0101011000001011110100
1011100011111011110100
0001011000001110001111
0101011000001011110100
1011100011111011110100
0001011000001110001111
0101011000001011110100
1011100011111011110100
0001011000001110001111
0101011000001011110100
1011100011111011110100
0001011000001110001111
0101011000001011110100
1011100011111011110100
0001011000001110001111
0101011000001011110100
1011100011111011110100
0001011000001110001111
0101011000001011110100
1011100011111011110100
0001011000001110001111
0101011000001011110100
1011100011111011110100
0001011000001110001111
0101011000001011110100
1011100011111011110100
0001011000001110001111
0101011000001011110100
1011100011111011110100
0001011000001110001111
0101011000001011110100
1011100011111011110100
0001011000001110001111
0101011000001011110100
1011100011111011110100
0001011000001110001111
0101011000001011110100
1011100011111011110100
0001011000001110001111
0101011000001011110100
1011100011111011110100
0001011000001110001111
0101011000001011110100
1011100011111011110100
0001011000001110001111
0101011000001011110100
1011100011111011110100
0001011000001110001111
0101011000001011110100
1011100011111011110100
0001011000001110001111
0101011000001011110100
1011100011111011110100
0001011000001110001111