000001
000101
001010
001100
010000
010111
011010
011100
100011
100111
101010
101111
110011
110101
111000
000001
000101
001010
001100
010000
010111
011010
011100
100011
100111
101010
101111
110011
110101
111000
000001
000101
001010
001100
010000
010111
011010
011100
100011
100111
101010
101111
110011
110101
111000
000001
000101
001010
001100
010000
010111
011010
011100
100011
100111
101010
101111
110011
110101
111000
000001
000101
001010
001100
010000
010111
011010
011100
100011
100111
101010
101111
110011
110101
111000
000001
000101
001010
001100
010000
010111
011010
011100
100011
100111
101010
101111
110011
110101
111000
000001
000101
001010
001100
010000
010111
011010
011100
100011
100111