0000101
0110000
0000101
0110000
0000101
0110000
0000101
0110000
0000101
0110000
0000101
0110000
0000101
0110000
0000101
0110000
0000101
0110000
0000101
0110000
0000101
0110000
0000101
0110000
0000101
0110000
0000101
0110000
0000101
0110000
0000101
0110000
0000101
0110000
0000101
0110000
0000101
0110000
0000101
0110000
0000101
0110000
0000101
0110000
0000101
0110000
0000101
0110000
0000101
0110000
0000101
0110000
0000101
0110000
0000101
0110000
0000101
0110000
0000101
0110000
0000101
0110000
0000101
0110000
0000101
0110000
0000101
0110000
0000101
0110000
0000101
0110000
0000101
0110000
0000101
0110000
0000101
0110000
0000101
0110000
0000101
0110000
0000101
0110000
0000101
0110000
0000101
0110000
0000101
0110000
0000101
0110000
0000101
0110000
0000101
0110000
0000101
0110000
0000101
0110000