00010
01110
10000
00010
01110
10000
00010
01110
10000
00010
01110
10000
00010
01110
10000
00010
01110
10000
00010
01110
10000
00010
01110
10000
00010
01110
10000
00010
01110
10000
00010
01110
10000
00010
01110
10000
00010
01110
10000
00010
01110
10000
00010
01110
10000
00010
01110
10000
00010
01110
10000
00010
01110
10000
00010
01110
10000
00010
01110
10000
00010
01110
10000
00010
01110
10000
00010
01110
10000
00010
01110
10000
00010
01110
10000
00010
01110
10000
00010
01110
10000
00010
01110
10000
00010
01110
10000
00010
01110
10000
00010
01110
10000
00010
01110
10000
00010
01110
10000
00010