00010110
01010000
10110000
00010110
01010000
10110000
00010110
01010000
10110000
00010110
01010000
10110000
00010110
01010000
10110000
00010110
01010000
10110000
00010110
01010000
10110000
00010110
01010000
10110000
00010110
01010000
10110000
00010110
01010000
10110000
00010110
01010000
10110000
00010110
01010000
10110000
00010110
01010000
10110000
00010110
01010000
10110000
00010110
01010000
10110000
00010110
01010000
10110000
00010110
01010000
10110000
00010110
01010000
10110000
00010110
01010000
10110000
00010110
01010000
10110000
00010110
01010000
10110000
00010110
01010000
10110000
00010110
01010000
10110000
00010110
01010000
10110000
00010110
01010000
10110000
00010110
01010000
10110000
00010110
01010000
10110000
00010110
01010000
10110000
00010110
01010000
10110000
00010110
01010000
10110000
00010110
01010000
10110000
00010110
01010000
10110000
00010110
01010000
10110000
00010110