000001
000110
001000
001111
010000
010111
011000
011110
100010
100100
101000
101110
110000
110111
111011
000001
000110
001000
001111
010000
010111
011000
011110
100010
100100
101000
101110
110000
110111
111011
000001
000110
001000
001111
010000
010111
011000
011110
100010
100100
101000
101110
110000
110111
111011
000001
000110
001000
001111
010000
010111
011000
011110
100010
100100
101000
101110
110000
110111
111011
000001
000110
001000
001111
010000
010111
011000
011110
100010
100100
101000
101110
110000
110111
111011
000001
000110
001000
001111
010000
010111
011000
011110
100010
100100
101000
101110
110000
110111
111011
000001
000110
001000
001111
010000
010111
011000
011110
100010
100100