0001100011001100101000
0101100011000010001111
1011001010000010001111
0001100011001100101000
0101100011000010001111
1011001010000010001111
0001100011001100101000
0101100011000010001111
1011001010000010001111
0001100011001100101000
0101100011000010001111
1011001010000010001111
0001100011001100101000
0101100011000010001111
1011001010000010001111
0001100011001100101000
0101100011000010001111
1011001010000010001111
0001100011001100101000
0101100011000010001111
1011001010000010001111
0001100011001100101000
0101100011000010001111
1011001010000010001111
0001100011001100101000
0101100011000010001111
1011001010000010001111
0001100011001100101000
0101100011000010001111
1011001010000010001111
0001100011001100101000
0101100011000010001111
1011001010000010001111
0001100011001100101000
0101100011000010001111
1011001010000010001111
0001100011001100101000
0101100011000010001111
1011001010000010001111
0001100011001100101000
0101100011000010001111
1011001010000010001111
0001100011001100101000
0101100011000010001111
1011001010000010001111
0001100011001100101000
0101100011000010001111
1011001010000010001111
0001100011001100101000
0101100011000010001111
1011001010000010001111
0001100011001100101000
0101100011000010001111
1011001010000010001111
0001100011001100101000
0101100011000010001111
1011001010000010001111
0001100011001100101000
0101100011000010001111
1011001010000010001111
0001100011001100101000
0101100011000010001111
1011001010000010001111
0001100011001100101000
0101100011000010001111
1011001010000010001111
0001100011001100101000
0101100011000010001111
1011001010000010001111
0001100011001100101000
0101100011000010001111
1011001010000010001111
0001100011001100101000
0101100011000010001111
1011001010000010001111
0001100011001100101000
0101100011000010001111
1011001010000010001111
0001100011001100101000
0101100011000010001111
1011001010000010001111
0001100011001100101000
0101100011000010001111
1011001010000010001111
0001100011001100101000
0101100011000010001111
1011001010000010001111
0001100011001100101000
0101100011000010001111
1011001010000010001111
0001100011001100101000
0101100011000010001111
1011001010000010001111
0001100011001100101000
0101100011000010001111
1011001010000010001111
0001100011001100101000
0101100011000010001111
1011001010000010001111
0001100011001100101000