000011000110011001010000010
001011000110011001010001111
010011000110011000010001111
011011000001010000010001111
100110011001010000010001111
000011000110011001010000010
001011000110011001010001111
010011000110011000010001111
011011000001010000010001111
100110011001010000010001111
000011000110011001010000010
001011000110011001010001111
010011000110011000010001111
011011000001010000010001111
100110011001010000010001111
000011000110011001010000010
001011000110011001010001111
010011000110011000010001111
011011000001010000010001111
100110011001010000010001111
000011000110011001010000010
001011000110011001010001111
010011000110011000010001111
011011000001010000010001111
100110011001010000010001111
000011000110011001010000010
001011000110011001010001111
010011000110011000010001111
011011000001010000010001111
100110011001010000010001111
000011000110011001010000010
001011000110011001010001111
010011000110011000010001111
011011000001010000010001111
100110011001010000010001111
000011000110011001010000010
001011000110011001010001111
010011000110011000010001111
011011000001010000010001111
100110011001010000010001111
000011000110011001010000010
001011000110011001010001111
010011000110011000010001111
011011000001010000010001111
100110011001010000010001111
000011000110011001010000010
001011000110011001010001111
010011000110011000010001111
011011000001010000010001111
100110011001010000010001111
000011000110011001010000010
001011000110011001010001111
010011000110011000010001111
011011000001010000010001111
100110011001010000010001111
000011000110011001010000010
001011000110011001010001111
010011000110011000010001111
011011000001010000010001111
100110011001010000010001111
000011000110011001010000010
001011000110011001010001111
010011000110011000010001111
011011000001010000010001111
100110011001010000010001111
000011000110011001010000010
001011000110011001010001111
010011000110011000010001111
011011000001010000010001111
100110011001010000010001111
000011000110011001010000010
001011000110011001010001111
010011000110011000010001111
011011000001010000010001111
100110011001010000010001111
000011000110011001010000010
001011000110011001010001111
010011000110011000010001111
011011000001010000010001111
100110011001010000010001111
000011000110011001010000010
001011000110011001010001111
010011000110011000010001111
011011000001010000010001111
100110011001010000010001111
000011000110011001010000010
001011000110011001010001111
010011000110011000010001111
011011000001010000010001111
100110011001010000010001111
000011000110011001010000010
001011000110011001010001111
010011000110011000010001111
011011000001010000010001111
100110011001010000010001111
000011000110011001010000010
001011000110011001010001111
010011000110011000010001111
011011000001010000010001111
100110011001010000010001111