0001001011100001001111
0101001011101111000011
1000010011111111000011
0001001011100001001111
0101001011101111000011
1000010011111111000011
0001001011100001001111
0101001011101111000011
1000010011111111000011
0001001011100001001111
0101001011101111000011
1000010011111111000011
0001001011100001001111
0101001011101111000011
1000010011111111000011
0001001011100001001111
0101001011101111000011
1000010011111111000011
0001001011100001001111
0101001011101111000011
1000010011111111000011
0001001011100001001111
0101001011101111000011
1000010011111111000011
0001001011100001001111
0101001011101111000011
1000010011111111000011
0001001011100001001111
0101001011101111000011
1000010011111111000011
0001001011100001001111
0101001011101111000011
1000010011111111000011
0001001011100001001111
0101001011101111000011
1000010011111111000011
0001001011100001001111
0101001011101111000011
1000010011111111000011
0001001011100001001111
0101001011101111000011
1000010011111111000011
0001001011100001001111
0101001011101111000011
1000010011111111000011
0001001011100001001111
0101001011101111000011
1000010011111111000011
0001001011100001001111
0101001011101111000011
1000010011111111000011
0001001011100001001111
0101001011101111000011
1000010011111111000011
0001001011100001001111
0101001011101111000011
1000010011111111000011
0001001011100001001111
0101001011101111000011
1000010011111111000011
0001001011100001001111
0101001011101111000011
1000010011111111000011
0001001011100001001111
0101001011101111000011
1000010011111111000011
0001001011100001001111
0101001011101111000011
1000010011111111000011
0001001011100001001111
0101001011101111000011
1000010011111111000011
0001001011100001001111
0101001011101111000011
1000010011111111000011
0001001011100001001111
0101001011101111000011
1000010011111111000011
0001001011100001001111
0101001011101111000011
1000010011111111000011
0001001011100001001111
0101001011101111000011
1000010011111111000011
0001001011100001001111
0101001011101111000011
1000010011111111000011
0001001011100001001111
0101001011101111000011
1000010011111111000011
0001001011100001001111
0101001011101111000011
1000010011111111000011
0001001011100001001111
0101001011101111000011
1000010011111111000011
0001001011100001001111
0101001011101111000011
1000010011111111000011
0001001011100001001111