000001
000100
001010
001111
010010
010100
011001
011100
100011
100111
101011
101111
110000
110100
111011
000001
000100
001010
001111
010010
010100
011001
011100
100011
100111
101011
101111
110000
110100
111011
000001
000100
001010
001111
010010
010100
011001
011100
100011
100111
101011
101111
110000
110100
111011
000001
000100
001010
001111
010010
010100
011001
011100
100011
100111
101011
101111
110000
110100
111011
000001
000100
001010
001111
010010
010100
011001
011100
100011
100111
101011
101111
110000
110100
111011
000001
000100
001010
001111
010010
010100
011001
011100
100011
100111
101011
101111
110000
110100
111011
000001
000100
001010
001111
010010
010100
011001
011100
100011
100111