000010010111000010011111111
001010010111000010011000011
010010010111000111111000011
011010010010011111111000011
100111000010011111111000011
000010010111000010011111111
001010010111000010011000011
010010010111000111111000011
011010010010011111111000011
100111000010011111111000011
000010010111000010011111111
001010010111000010011000011
010010010111000111111000011
011010010010011111111000011
100111000010011111111000011
000010010111000010011111111
001010010111000010011000011
010010010111000111111000011
011010010010011111111000011
100111000010011111111000011
000010010111000010011111111
001010010111000010011000011
010010010111000111111000011
011010010010011111111000011
100111000010011111111000011
000010010111000010011111111
001010010111000010011000011
010010010111000111111000011
011010010010011111111000011
100111000010011111111000011
000010010111000010011111111
001010010111000010011000011
010010010111000111111000011
011010010010011111111000011
100111000010011111111000011
000010010111000010011111111
001010010111000010011000011
010010010111000111111000011
011010010010011111111000011
100111000010011111111000011
000010010111000010011111111
001010010111000010011000011
010010010111000111111000011
011010010010011111111000011
100111000010011111111000011
000010010111000010011111111
001010010111000010011000011
010010010111000111111000011
011010010010011111111000011
100111000010011111111000011
000010010111000010011111111
001010010111000010011000011
010010010111000111111000011
011010010010011111111000011
100111000010011111111000011
000010010111000010011111111
001010010111000010011000011
010010010111000111111000011
011010010010011111111000011
100111000010011111111000011
000010010111000010011111111
001010010111000010011000011
010010010111000111111000011
011010010010011111111000011
100111000010011111111000011
000010010111000010011111111
001010010111000010011000011
010010010111000111111000011
011010010010011111111000011
100111000010011111111000011
000010010111000010011111111
001010010111000010011000011
010010010111000111111000011
011010010010011111111000011
100111000010011111111000011
000010010111000010011111111
001010010111000010011000011
010010010111000111111000011
011010010010011111111000011
100111000010011111111000011
000010010111000010011111111
001010010111000010011000011
010010010111000111111000011
011010010010011111111000011
100111000010011111111000011
000010010111000010011111111
001010010111000010011000011
010010010111000111111000011
011010010010011111111000011
100111000010011111111000011
000010010111000010011111111
001010010111000010011000011
010010010111000111111000011
011010010010011111111000011
100111000010011111111000011
000010010111000010011111111
001010010111000010011000011
010010010111000111111000011
011010010010011111111000011
100111000010011111111000011