0001110011001011101011
0101110011001101111001
1010111010111101111001
0001110011001011101011
0101110011001101111001
1010111010111101111001
0001110011001011101011
0101110011001101111001
1010111010111101111001
0001110011001011101011
0101110011001101111001
1010111010111101111001
0001110011001011101011
0101110011001101111001
1010111010111101111001
0001110011001011101011
0101110011001101111001
1010111010111101111001
0001110011001011101011
0101110011001101111001
1010111010111101111001
0001110011001011101011
0101110011001101111001
1010111010111101111001
0001110011001011101011
0101110011001101111001
1010111010111101111001
0001110011001011101011
0101110011001101111001
1010111010111101111001
0001110011001011101011
0101110011001101111001
1010111010111101111001
0001110011001011101011
0101110011001101111001
1010111010111101111001
0001110011001011101011
0101110011001101111001
1010111010111101111001
0001110011001011101011
0101110011001101111001
1010111010111101111001
0001110011001011101011
0101110011001101111001
1010111010111101111001
0001110011001011101011
0101110011001101111001
1010111010111101111001
0001110011001011101011
0101110011001101111001
1010111010111101111001
0001110011001011101011
0101110011001101111001
1010111010111101111001
0001110011001011101011
0101110011001101111001
1010111010111101111001
0001110011001011101011
0101110011001101111001
1010111010111101111001
0001110011001011101011
0101110011001101111001
1010111010111101111001
0001110011001011101011
0101110011001101111001
1010111010111101111001
0001110011001011101011
0101110011001101111001
1010111010111101111001
0001110011001011101011
0101110011001101111001
1010111010111101111001
0001110011001011101011
0101110011001101111001
1010111010111101111001
0001110011001011101011
0101110011001101111001
1010111010111101111001
0001110011001011101011
0101110011001101111001
1010111010111101111001
0001110011001011101011
0101110011001101111001
1010111010111101111001
0001110011001011101011
0101110011001101111001
1010111010111101111001
0001110011001011101011
0101110011001101111001
1010111010111101111001
0001110011001011101011
0101110011001101111001
1010111010111101111001
0001110011001011101011
0101110011001101111001
1010111010111101111001
0001110011001011101011
0101110011001101111001
1010111010111101111001
0001110011001011101011