000011100110010111010111101
001011100110010111010111001
010011100110010111101111001
011011100111010111101111001
100110010111010111101111001
000011100110010111010111101
001011100110010111010111001
010011100110010111101111001
011011100111010111101111001
100110010111010111101111001
000011100110010111010111101
001011100110010111010111001
010011100110010111101111001
011011100111010111101111001
100110010111010111101111001
000011100110010111010111101
001011100110010111010111001
010011100110010111101111001
011011100111010111101111001
100110010111010111101111001
000011100110010111010111101
001011100110010111010111001
010011100110010111101111001
011011100111010111101111001
100110010111010111101111001
000011100110010111010111101
001011100110010111010111001
010011100110010111101111001
011011100111010111101111001
100110010111010111101111001
000011100110010111010111101
001011100110010111010111001
010011100110010111101111001
011011100111010111101111001
100110010111010111101111001
000011100110010111010111101
001011100110010111010111001
010011100110010111101111001
011011100111010111101111001
100110010111010111101111001
000011100110010111010111101
001011100110010111010111001
010011100110010111101111001
011011100111010111101111001
100110010111010111101111001
000011100110010111010111101
001011100110010111010111001
010011100110010111101111001
011011100111010111101111001
100110010111010111101111001
000011100110010111010111101
001011100110010111010111001
010011100110010111101111001
011011100111010111101111001
100110010111010111101111001
000011100110010111010111101
001011100110010111010111001
010011100110010111101111001
011011100111010111101111001
100110010111010111101111001
000011100110010111010111101
001011100110010111010111001
010011100110010111101111001
011011100111010111101111001
100110010111010111101111001
000011100110010111010111101
001011100110010111010111001
010011100110010111101111001
011011100111010111101111001
100110010111010111101111001
000011100110010111010111101
001011100110010111010111001
010011100110010111101111001
011011100111010111101111001
100110010111010111101111001
000011100110010111010111101
001011100110010111010111001
010011100110010111101111001
011011100111010111101111001
100110010111010111101111001
000011100110010111010111101
001011100110010111010111001
010011100110010111101111001
011011100111010111101111001
100110010111010111101111001
000011100110010111010111101
001011100110010111010111001
010011100110010111101111001
011011100111010111101111001
100110010111010111101111001
000011100110010111010111101
001011100110010111010111001
010011100110010111101111001
011011100111010111101111001
100110010111010111101111001
000011100110010111010111101
001011100110010111010111001
010011100110010111101111001
011011100111010111101111001
100110010111010111101111001