000001
000111
001000
001111
010000
010110
011011
011110
100010
100111
101011
101101
110011
110110
111001
000001
000111
001000
001111
010000
010110
011011
011110
100010
100111
101011
101101
110011
110110
111001
000001
000111
001000
001111
010000
010110
011011
011110
100010
100111
101011
101101
110011
110110
111001
000001
000111
001000
001111
010000
010110
011011
011110
100010
100111
101011
101101
110011
110110
111001
000001
000111
001000
001111
010000
010110
011011
011110
100010
100111
101011
101101
110011
110110
111001
000001
000111
001000
001111
010000
010110
011011
011110
100010
100111
101011
101101
110011
110110
111001
000001
000111
001000
001111
010000
010110
011011
011110
100010
100111