0001000111
0101011010
0001000111
0101011010
0001000111
0101011010
0001000111
0101011010
0001000111
0101011010
0001000111
0101011010
0001000111
0101011010
0001000111
0101011010
0001000111
0101011010
0001000111
0101011010
0001000111
0101011010
0001000111
0101011010
0001000111
0101011010
0001000111
0101011010
0001000111
0101011010
0001000111
0101011010
0001000111
0101011010
0001000111
0101011010
0001000111
0101011010
0001000111
0101011010
0001000111
0101011010
0001000111
0101011010
0001000111
0101011010
0001000111
0101011010
0001000111
0101011010
0001000111
0101011010
0001000111
0101011010
0001000111
0101011010
0001000111
0101011010
0001000111
0101011010
0001000111
0101011010
0001000111
0101011010
0001000111
0101011010
0001000111
0101011010
0001000111
0101011010
0001000111
0101011010
0001000111
0101011010
0001000111
0101011010
0001000111
0101011010
0001000111
0101011010
0001000111
0101011010
0001000111
0101011010
0001000111
0101011010
0001000111
0101011010
0001000111
0101011010
0001000111
0101011010
0001000111
0101011010
0001000111
0101011010
0001000111
0101011010
0001000111
0101011010