000000
001100
010011
011101
100011
101010
000000
001100
010011
011101
100011
101010
000000
001100
010011
011101
100011
101010
000000
001100
010011
011101
100011
101010
000000
001100
010011
011101
100011
101010
000000
001100
010011
011101
100011
101010
000000
001100
010011
011101
100011
101010
000000
001100
010011
011101
100011
101010
000000
001100
010011
011101
100011
101010
000000
001100
010011
011101
100011
101010
000000
001100
010011
011101
100011
101010
000000
001100
010011
011101
100011
101010
000000
001100
010011
011101
100011
101010
000000
001100
010011
011101
100011
101010
000000
001100
010011
011101
100011
101010
000000
001100
010011
011101
100011
101010
000000
001100
010011
011101