0000100
0010111
0100101
0111010
0000100
0010111
0100101
0111010
0000100
0010111
0100101
0111010
0000100
0010111
0100101
0111010
0000100
0010111
0100101
0111010
0000100
0010111
0100101
0111010
0000100
0010111
0100101
0111010
0000100
0010111
0100101
0111010
0000100
0010111
0100101
0111010
0000100
0010111
0100101
0111010
0000100
0010111
0100101
0111010
0000100
0010111
0100101
0111010
0000100
0010111
0100101
0111010
0000100
0010111
0100101
0111010
0000100
0010111
0100101
0111010
0000100
0010111
0100101
0111010
0000100
0010111
0100101
0111010
0000100
0010111
0100101
0111010
0000100
0010111
0100101
0111010
0000100
0010111
0100101
0111010
0000100
0010111
0100101
0111010
0000100
0010111
0100101
0111010
0000100
0010111
0100101
0111010
0000100
0010111
0100101
0111010
0000100
0010111
0100101
0111010