00000100011101
01000100011010
10011101011010
00000100011101
01000100011010
10011101011010
00000100011101
01000100011010
10011101011010
00000100011101
01000100011010
10011101011010
00000100011101
01000100011010
10011101011010
00000100011101
01000100011010
10011101011010
00000100011101
01000100011010
10011101011010
00000100011101
01000100011010
10011101011010
00000100011101
01000100011010
10011101011010
00000100011101
01000100011010
10011101011010
00000100011101
01000100011010
10011101011010
00000100011101
01000100011010
10011101011010
00000100011101
01000100011010
10011101011010
00000100011101
01000100011010
10011101011010
00000100011101
01000100011010
10011101011010
00000100011101
01000100011010
10011101011010
00000100011101
01000100011010
10011101011010
00000100011101
01000100011010
10011101011010
00000100011101
01000100011010
10011101011010
00000100011101
01000100011010
10011101011010
00000100011101
01000100011010
10011101011010
00000100011101
01000100011010
10011101011010
00000100011101
01000100011010
10011101011010
00000100011101
01000100011010
10011101011010
00000100011101
01000100011010
10011101011010
00000100011101
01000100011010
10011101011010
00000100011101
01000100011010
10011101011010
00000100011101
01000100011010
10011101011010
00000100011101
01000100011010
10011101011010
00000100011101
01000100011010
10011101011010
00000100011101
01000100011010
10011101011010
00000100011101
01000100011010
10011101011010
00000100011101
01000100011010
10011101011010
00000100011101