000011
000110
001010
001101
010001
010100
011001
011111
100001
100110
101000
101111
110011
110111
111011
000011
000110
001010
001101
010001
010100
011001
011111
100001
100110
101000
101111
110011
110111
111011
000011
000110
001010
001101
010001
010100
011001
011111
100001
100110
101000
101111
110011
110111
111011
000011
000110
001010
001101
010001
010100
011001
011111
100001
100110
101000
101111
110011
110111
111011
000011
000110
001010
001101
010001
010100
011001
011111
100001
100110
101000
101111
110011
110111
111011
000011
000110
001010
001101
010001
010100
011001
011111
100001
100110
101000
101111
110011
110111
111011
000011
000110
001010
001101
010001
010100
011001
011111
100001
100110