0011101001010001110110
0111101001010011111111
1000011101100011111111
0011101001010001110110
0111101001010011111111
1000011101100011111111
0011101001010001110110
0111101001010011111111
1000011101100011111111
0011101001010001110110
0111101001010011111111
1000011101100011111111
0011101001010001110110
0111101001010011111111
1000011101100011111111
0011101001010001110110
0111101001010011111111
1000011101100011111111
0011101001010001110110
0111101001010011111111
1000011101100011111111
0011101001010001110110
0111101001010011111111
1000011101100011111111
0011101001010001110110
0111101001010011111111
1000011101100011111111
0011101001010001110110
0111101001010011111111
1000011101100011111111
0011101001010001110110
0111101001010011111111
1000011101100011111111
0011101001010001110110
0111101001010011111111
1000011101100011111111
0011101001010001110110
0111101001010011111111
1000011101100011111111
0011101001010001110110
0111101001010011111111
1000011101100011111111
0011101001010001110110
0111101001010011111111
1000011101100011111111
0011101001010001110110
0111101001010011111111
1000011101100011111111
0011101001010001110110
0111101001010011111111
1000011101100011111111
0011101001010001110110
0111101001010011111111
1000011101100011111111
0011101001010001110110
0111101001010011111111
1000011101100011111111
0011101001010001110110
0111101001010011111111
1000011101100011111111
0011101001010001110110
0111101001010011111111
1000011101100011111111
0011101001010001110110
0111101001010011111111
1000011101100011111111
0011101001010001110110
0111101001010011111111
1000011101100011111111
0011101001010001110110
0111101001010011111111
1000011101100011111111
0011101001010001110110
0111101001010011111111
1000011101100011111111
0011101001010001110110
0111101001010011111111
1000011101100011111111
0011101001010001110110
0111101001010011111111
1000011101100011111111
0011101001010001110110
0111101001010011111111
1000011101100011111111
0011101001010001110110
0111101001010011111111
1000011101100011111111
0011101001010001110110
0111101001010011111111
1000011101100011111111
0011101001010001110110
0111101001010011111111
1000011101100011111111
0011101001010001110110
0111101001010011111111
1000011101100011111111
0011101001010001110110
0111101001010011111111
1000011101100011111111
0011101001010001110110