000111010010100011101100011
001111010010100011101111111
010111010010100100011111111
011111010011101100011111111
100010100011101100011111111
000111010010100011101100011
001111010010100011101111111
010111010010100100011111111
011111010011101100011111111
100010100011101100011111111
000111010010100011101100011
001111010010100011101111111
010111010010100100011111111
011111010011101100011111111
100010100011101100011111111
000111010010100011101100011
001111010010100011101111111
010111010010100100011111111
011111010011101100011111111
100010100011101100011111111
000111010010100011101100011
001111010010100011101111111
010111010010100100011111111
011111010011101100011111111
100010100011101100011111111
000111010010100011101100011
001111010010100011101111111
010111010010100100011111111
011111010011101100011111111
100010100011101100011111111
000111010010100011101100011
001111010010100011101111111
010111010010100100011111111
011111010011101100011111111
100010100011101100011111111
000111010010100011101100011
001111010010100011101111111
010111010010100100011111111
011111010011101100011111111
100010100011101100011111111
000111010010100011101100011
001111010010100011101111111
010111010010100100011111111
011111010011101100011111111
100010100011101100011111111
000111010010100011101100011
001111010010100011101111111
010111010010100100011111111
011111010011101100011111111
100010100011101100011111111
000111010010100011101100011
001111010010100011101111111
010111010010100100011111111
011111010011101100011111111
100010100011101100011111111
000111010010100011101100011
001111010010100011101111111
010111010010100100011111111
011111010011101100011111111
100010100011101100011111111
000111010010100011101100011
001111010010100011101111111
010111010010100100011111111
011111010011101100011111111
100010100011101100011111111
000111010010100011101100011
001111010010100011101111111
010111010010100100011111111
011111010011101100011111111
100010100011101100011111111
000111010010100011101100011
001111010010100011101111111
010111010010100100011111111
011111010011101100011111111
100010100011101100011111111
000111010010100011101100011
001111010010100011101111111
010111010010100100011111111
011111010011101100011111111
100010100011101100011111111
000111010010100011101100011
001111010010100011101111111
010111010010100100011111111
011111010011101100011111111
100010100011101100011111111
000111010010100011101100011
001111010010100011101111111
010111010010100100011111111
011111010011101100011111111
100010100011101100011111111
000111010010100011101100011
001111010010100011101111111
010111010010100100011111111
011111010011101100011111111
100010100011101100011111111
000111010010100011101100011
001111010010100011101111111
010111010010100100011111111
011111010011101100011111111
100010100011101100011111111