0001110
0111111
0001110
0111111
0001110
0111111
0001110
0111111
0001110
0111111
0001110
0111111
0001110
0111111
0001110
0111111
0001110
0111111
0001110
0111111
0001110
0111111
0001110
0111111
0001110
0111111
0001110
0111111
0001110
0111111
0001110
0111111
0001110
0111111
0001110
0111111
0001110
0111111
0001110
0111111
0001110
0111111
0001110
0111111
0001110
0111111
0001110
0111111
0001110
0111111
0001110
0111111
0001110
0111111
0001110
0111111
0001110
0111111
0001110
0111111
0001110
0111111
0001110
0111111
0001110
0111111
0001110
0111111
0001110
0111111
0001110
0111111
0001110
0111111
0001110
0111111
0001110
0111111
0001110
0111111
0001110
0111111
0001110
0111111
0001110
0111111
0001110
0111111
0001110
0111111
0001110
0111111
0001110
0111111
0001110
0111111
0001110
0111111
0001110
0111111