00111011
01111111
10011111
00111011
01111111
10011111
00111011
01111111
10011111
00111011
01111111
10011111
00111011
01111111
10011111
00111011
01111111
10011111
00111011
01111111
10011111
00111011
01111111
10011111
00111011
01111111
10011111
00111011
01111111
10011111
00111011
01111111
10011111
00111011
01111111
10011111
00111011
01111111
10011111
00111011
01111111
10011111
00111011
01111111
10011111
00111011
01111111
10011111
00111011
01111111
10011111
00111011
01111111
10011111
00111011
01111111
10011111
00111011
01111111
10011111
00111011
01111111
10011111
00111011
01111111
10011111
00111011
01111111
10011111
00111011
01111111
10011111
00111011
01111111
10011111
00111011
01111111
10011111
00111011
01111111
10011111
00111011
01111111
10011111
00111011
01111111
10011111
00111011
01111111
10011111
00111011
01111111
10011111
00111011
01111111
10011111
00111011
01111111
10011111
00111011