00111
01011
10111
00111
01011
10111
00111
01011
10111
00111
01011
10111
00111
01011
10111
00111
01011
10111
00111
01011
10111
00111
01011
10111
00111
01011
10111
00111
01011
10111
00111
01011
10111
00111
01011
10111
00111
01011
10111
00111
01011
10111
00111
01011
10111
00111
01011
10111
00111
01011
10111
00111
01011
10111
00111
01011
10111
00111
01011
10111
00111
01011
10111
00111
01011
10111
00111
01011
10111
00111
01011
10111
00111
01011
10111
00111
01011
10111
00111
01011
10111
00111
01011
10111
00111
01011
10111
00111
01011
10111
00111
01011
10111
00111
01011
10111
00111
01011
10111
00111