00000
01000
10111
00000
01000
10111
00000
01000
10111
00000
01000
10111
00000
01000
10111
00000
01000
10111
00000
01000
10111
00000
01000
10111
00000
01000
10111
00000
01000
10111
00000
01000
10111
00000
01000
10111
00000
01000
10111
00000
01000
10111
00000
01000
10111
00000
01000
10111
00000
01000
10111
00000
01000
10111
00000
01000
10111
00000
01000
10111
00000
01000
10111
00000
01000
10111
00000
01000
10111
00000
01000
10111
00000
01000
10111
00000
01000
10111
00000
01000
10111
00000
01000
10111
00000
01000
10111
00000
01000
10111
00000
01000
10111
00000
01000
10111
00000
01000
10111
00000