00000000
01000111
10000111
00000000
01000111
10000111
00000000
01000111
10000111
00000000
01000111
10000111
00000000
01000111
10000111
00000000
01000111
10000111
00000000
01000111
10000111
00000000
01000111
10000111
00000000
01000111
10000111
00000000
01000111
10000111
00000000
01000111
10000111
00000000
01000111
10000111
00000000
01000111
10000111
00000000
01000111
10000111
00000000
01000111
10000111
00000000
01000111
10000111
00000000
01000111
10000111
00000000
01000111
10000111
00000000
01000111
10000111
00000000
01000111
10000111
00000000
01000111
10000111
00000000
01000111
10000111
00000000
01000111
10000111
00000000
01000111
10000111
00000000
01000111
10000111
00000000
01000111
10000111
00000000
01000111
10000111
00000000
01000111
10000111
00000000
01000111
10000111
00000000
01000111
10000111
00000000
01000111
10000111
00000000
01000111
10000111
00000000
01000111
10000111
00000000