0000000
0100111
0000000
0100111
0000000
0100111
0000000
0100111
0000000
0100111
0000000
0100111
0000000
0100111
0000000
0100111
0000000
0100111
0000000
0100111
0000000
0100111
0000000
0100111
0000000
0100111
0000000
0100111
0000000
0100111
0000000
0100111
0000000
0100111
0000000
0100111
0000000
0100111
0000000
0100111
0000000
0100111
0000000
0100111
0000000
0100111
0000000
0100111
0000000
0100111
0000000
0100111
0000000
0100111
0000000
0100111
0000000
0100111
0000000
0100111
0000000
0100111
0000000
0100111
0000000
0100111
0000000
0100111
0000000
0100111
0000000
0100111
0000000
0100111
0000000
0100111
0000000
0100111
0000000
0100111
0000000
0100111
0000000
0100111
0000000
0100111
0000000
0100111
0000000
0100111
0000000
0100111
0000000
0100111
0000000
0100111
0000000
0100111
0000000
0100111