0000101
0100011
0000101
0100011
0000101
0100011
0000101
0100011
0000101
0100011
0000101
0100011
0000101
0100011
0000101
0100011
0000101
0100011
0000101
0100011
0000101
0100011
0000101
0100011
0000101
0100011
0000101
0100011
0000101
0100011
0000101
0100011
0000101
0100011
0000101
0100011
0000101
0100011
0000101
0100011
0000101
0100011
0000101
0100011
0000101
0100011
0000101
0100011
0000101
0100011
0000101
0100011
0000101
0100011
0000101
0100011
0000101
0100011
0000101
0100011
0000101
0100011
0000101
0100011
0000101
0100011
0000101
0100011
0000101
0100011
0000101
0100011
0000101
0100011
0000101
0100011
0000101
0100011
0000101
0100011
0000101
0100011
0000101
0100011
0000101
0100011
0000101
0100011
0000101
0100011
0000101
0100011
0000101
0100011
0000101
0100011
0000101
0100011
0000101
0100011