00010100
01010011
10100011
00010100
01010011
10100011
00010100
01010011
10100011
00010100
01010011
10100011
00010100
01010011
10100011
00010100
01010011
10100011
00010100
01010011
10100011
00010100
01010011
10100011
00010100
01010011
10100011
00010100
01010011
10100011
00010100
01010011
10100011
00010100
01010011
10100011
00010100
01010011
10100011
00010100
01010011
10100011
00010100
01010011
10100011
00010100
01010011
10100011
00010100
01010011
10100011
00010100
01010011
10100011
00010100
01010011
10100011
00010100
01010011
10100011
00010100
01010011
10100011
00010100
01010011
10100011
00010100
01010011
10100011
00010100
01010011
10100011
00010100
01010011
10100011
00010100
01010011
10100011
00010100
01010011
10100011
00010100
01010011
10100011
00010100
01010011
10100011
00010100
01010011
10100011
00010100
01010011
10100011
00010100
01010011
10100011
00010100
01010011
10100011
00010100