00010
01100
10011
00010
01100
10011
00010
01100
10011
00010
01100
10011
00010
01100
10011
00010
01100
10011
00010
01100
10011
00010
01100
10011
00010
01100
10011
00010
01100
10011
00010
01100
10011
00010
01100
10011
00010
01100
10011
00010
01100
10011
00010
01100
10011
00010
01100
10011
00010
01100
10011
00010
01100
10011
00010
01100
10011
00010
01100
10011
00010
01100
10011
00010
01100
10011
00010
01100
10011
00010
01100
10011
00010
01100
10011
00010
01100
10011
00010
01100
10011
00010
01100
10011
00010
01100
10011
00010
01100
10011
00010
01100
10011
00010
01100
10011
00010
01100
10011
00010