0011101111
0101011111
0011101111
0101011111
0011101111
0101011111
0011101111
0101011111
0011101111
0101011111
0011101111
0101011111
0011101111
0101011111
0011101111
0101011111
0011101111
0101011111
0011101111
0101011111
0011101111
0101011111
0011101111
0101011111
0011101111
0101011111
0011101111
0101011111
0011101111
0101011111
0011101111
0101011111
0011101111
0101011111
0011101111
0101011111
0011101111
0101011111
0011101111
0101011111
0011101111
0101011111
0011101111
0101011111
0011101111
0101011111
0011101111
0101011111
0011101111
0101011111
0011101111
0101011111
0011101111
0101011111
0011101111
0101011111
0011101111
0101011111
0011101111
0101011111
0011101111
0101011111
0011101111
0101011111
0011101111
0101011111
0011101111
0101011111
0011101111
0101011111
0011101111
0101011111
0011101111
0101011111
0011101111
0101011111
0011101111
0101011111
0011101111
0101011111
0011101111
0101011111
0011101111
0101011111
0011101111
0101011111
0011101111
0101011111
0011101111
0101011111
0011101111
0101011111
0011101111
0101011111
0011101111
0101011111
0011101111
0101011111
0011101111
0101011111