00001110111101
01001110011111
10111101011111
00001110111101
01001110011111
10111101011111
00001110111101
01001110011111
10111101011111
00001110111101
01001110011111
10111101011111
00001110111101
01001110011111
10111101011111
00001110111101
01001110011111
10111101011111
00001110111101
01001110011111
10111101011111
00001110111101
01001110011111
10111101011111
00001110111101
01001110011111
10111101011111
00001110111101
01001110011111
10111101011111
00001110111101
01001110011111
10111101011111
00001110111101
01001110011111
10111101011111
00001110111101
01001110011111
10111101011111
00001110111101
01001110011111
10111101011111
00001110111101
01001110011111
10111101011111
00001110111101
01001110011111
10111101011111
00001110111101
01001110011111
10111101011111
00001110111101
01001110011111
10111101011111
00001110111101
01001110011111
10111101011111
00001110111101
01001110011111
10111101011111
00001110111101
01001110011111
10111101011111
00001110111101
01001110011111
10111101011111
00001110111101
01001110011111
10111101011111
00001110111101
01001110011111
10111101011111
00001110111101
01001110011111
10111101011111
00001110111101
01001110011111
10111101011111
00001110111101
01001110011111
10111101011111
00001110111101
01001110011111
10111101011111
00001110111101
01001110011111
10111101011111
00001110111101
01001110011111
10111101011111
00001110111101
01001110011111
10111101011111
00001110111101
01001110011111
10111101011111
00001110111101
01001110011111
10111101011111
00001110111101