0001110
0011111
0100101
0111111
0001110
0011111
0100101
0111111
0001110
0011111
0100101
0111111
0001110
0011111
0100101
0111111
0001110
0011111
0100101
0111111
0001110
0011111
0100101
0111111
0001110
0011111
0100101
0111111
0001110
0011111
0100101
0111111
0001110
0011111
0100101
0111111
0001110
0011111
0100101
0111111
0001110
0011111
0100101
0111111
0001110
0011111
0100101
0111111
0001110
0011111
0100101
0111111
0001110
0011111
0100101
0111111
0001110
0011111
0100101
0111111
0001110
0011111
0100101
0111111
0001110
0011111
0100101
0111111
0001110
0011111
0100101
0111111
0001110
0011111
0100101
0111111
0001110
0011111
0100101
0111111
0001110
0011111
0100101
0111111
0001110
0011111
0100101
0111111
0001110
0011111
0100101
0111111
0001110
0011111
0100101
0111111
0001110
0011111
0100101
0111111