000001
001110
010111
011101
100011
101111
000001
001110
010111
011101
100011
101111
000001
001110
010111
011101
100011
101111
000001
001110
010111
011101
100011
101111
000001
001110
010111
011101
100011
101111
000001
001110
010111
011101
100011
101111
000001
001110
010111
011101
100011
101111
000001
001110
010111
011101
100011
101111
000001
001110
010111
011101
100011
101111
000001
001110
010111
011101
100011
101111
000001
001110
010111
011101
100011
101111
000001
001110
010111
011101
100011
101111
000001
001110
010111
011101
100011
101111
000001
001110
010111
011101
100011
101111
000001
001110
010111
011101
100011
101111
000001
001110
010111
011101
100011
101111
000001
001110
010111
011101