000000000101101001000101010
001000000101101001000000100
010000000101101101010000100
011000000001000101010000100
100101101001000101010000100
000000000101101001000101010
001000000101101001000000100
010000000101101101010000100
011000000001000101010000100
100101101001000101010000100
000000000101101001000101010
001000000101101001000000100
010000000101101101010000100
011000000001000101010000100
100101101001000101010000100
000000000101101001000101010
001000000101101001000000100
010000000101101101010000100
011000000001000101010000100
100101101001000101010000100
000000000101101001000101010
001000000101101001000000100
010000000101101101010000100
011000000001000101010000100
100101101001000101010000100
000000000101101001000101010
001000000101101001000000100
010000000101101101010000100
011000000001000101010000100
100101101001000101010000100
000000000101101001000101010
001000000101101001000000100
010000000101101101010000100
011000000001000101010000100
100101101001000101010000100
000000000101101001000101010
001000000101101001000000100
010000000101101101010000100
011000000001000101010000100
100101101001000101010000100
000000000101101001000101010
001000000101101001000000100
010000000101101101010000100
011000000001000101010000100
100101101001000101010000100
000000000101101001000101010
001000000101101001000000100
010000000101101101010000100
011000000001000101010000100
100101101001000101010000100
000000000101101001000101010
001000000101101001000000100
010000000101101101010000100
011000000001000101010000100
100101101001000101010000100
000000000101101001000101010
001000000101101001000000100
010000000101101101010000100
011000000001000101010000100
100101101001000101010000100
000000000101101001000101010
001000000101101001000000100
010000000101101101010000100
011000000001000101010000100
100101101001000101010000100
000000000101101001000101010
001000000101101001000000100
010000000101101101010000100
011000000001000101010000100
100101101001000101010000100
000000000101101001000101010
001000000101101001000000100
010000000101101101010000100
011000000001000101010000100
100101101001000101010000100
000000000101101001000101010
001000000101101001000000100
010000000101101101010000100
011000000001000101010000100
100101101001000101010000100
000000000101101001000101010
001000000101101001000000100
010000000101101101010000100
011000000001000101010000100
100101101001000101010000100
000000000101101001000101010
001000000101101001000000100
010000000101101101010000100
011000000001000101010000100
100101101001000101010000100
000000000101101001000101010
001000000101101001000000100
010000000101101101010000100
011000000001000101010000100
100101101001000101010000100
000000000101101001000101010
001000000101101001000000100
010000000101101101010000100
011000000001000101010000100
100101101001000101010000100