0000000010110100100010
0100000010111010000100
1001001000101010000100
0000000010110100100010
0100000010111010000100
1001001000101010000100
0000000010110100100010
0100000010111010000100
1001001000101010000100
0000000010110100100010
0100000010111010000100
1001001000101010000100
0000000010110100100010
0100000010111010000100
1001001000101010000100
0000000010110100100010
0100000010111010000100
1001001000101010000100
0000000010110100100010
0100000010111010000100
1001001000101010000100
0000000010110100100010
0100000010111010000100
1001001000101010000100
0000000010110100100010
0100000010111010000100
1001001000101010000100
0000000010110100100010
0100000010111010000100
1001001000101010000100
0000000010110100100010
0100000010111010000100
1001001000101010000100
0000000010110100100010
0100000010111010000100
1001001000101010000100
0000000010110100100010
0100000010111010000100
1001001000101010000100
0000000010110100100010
0100000010111010000100
1001001000101010000100
0000000010110100100010
0100000010111010000100
1001001000101010000100
0000000010110100100010
0100000010111010000100
1001001000101010000100
0000000010110100100010
0100000010111010000100
1001001000101010000100
0000000010110100100010
0100000010111010000100
1001001000101010000100
0000000010110100100010
0100000010111010000100
1001001000101010000100
0000000010110100100010
0100000010111010000100
1001001000101010000100
0000000010110100100010
0100000010111010000100
1001001000101010000100
0000000010110100100010
0100000010111010000100
1001001000101010000100
0000000010110100100010
0100000010111010000100
1001001000101010000100
0000000010110100100010
0100000010111010000100
1001001000101010000100
0000000010110100100010
0100000010111010000100
1001001000101010000100
0000000010110100100010
0100000010111010000100
1001001000101010000100
0000000010110100100010
0100000010111010000100
1001001000101010000100
0000000010110100100010
0100000010111010000100
1001001000101010000100
0000000010110100100010
0100000010111010000100
1001001000101010000100
0000000010110100100010
0100000010111010000100
1001001000101010000100
0000000010110100100010
0100000010111010000100
1001001000101010000100
0000000010110100100010
0100000010111010000100
1001001000101010000100
0000000010110100100010
0100000010111010000100
1001001000101010000100
0000000010110100100010