000000
000100
001000
001110
010011
010101
011000
011110
100000
100110
101010
101110
110000
110101
111000
000000
000100
001000
001110
010011
010101
011000
011110
100000
100110
101010
101110
110000
110101
111000
000000
000100
001000
001110
010011
010101
011000
011110
100000
100110
101010
101110
110000
110101
111000
000000
000100
001000
001110
010011
010101
011000
011110
100000
100110
101010
101110
110000
110101
111000
000000
000100
001000
001110
010011
010101
011000
011110
100000
100110
101010
101110
110000
110101
111000
000000
000100
001000
001110
010011
010101
011000
011110
100000
100110
101010
101110
110000
110101
111000
000000
000100
001000
001110
010011
010101
011000
011110
100000
100110