00110
01110
10100
00110
01110
10100
00110
01110
10100
00110
01110
10100
00110
01110
10100
00110
01110
10100
00110
01110
10100
00110
01110
10100
00110
01110
10100
00110
01110
10100
00110
01110
10100
00110
01110
10100
00110
01110
10100
00110
01110
10100
00110
01110
10100
00110
01110
10100
00110
01110
10100
00110
01110
10100
00110
01110
10100
00110
01110
10100
00110
01110
10100
00110
01110
10100
00110
01110
10100
00110
01110
10100
00110
01110
10100
00110
01110
10100
00110
01110
10100
00110
01110
10100
00110
01110
10100
00110
01110
10100
00110
01110
10100
00110
01110
10100
00110
01110
10100
00110