00110110
01110100
10110100
00110110
01110100
10110100
00110110
01110100
10110100
00110110
01110100
10110100
00110110
01110100
10110100
00110110
01110100
10110100
00110110
01110100
10110100
00110110
01110100
10110100
00110110
01110100
10110100
00110110
01110100
10110100
00110110
01110100
10110100
00110110
01110100
10110100
00110110
01110100
10110100
00110110
01110100
10110100
00110110
01110100
10110100
00110110
01110100
10110100
00110110
01110100
10110100
00110110
01110100
10110100
00110110
01110100
10110100
00110110
01110100
10110100
00110110
01110100
10110100
00110110
01110100
10110100
00110110
01110100
10110100
00110110
01110100
10110100
00110110
01110100
10110100
00110110
01110100
10110100
00110110
01110100
10110100
00110110
01110100
10110100
00110110
01110100
10110100
00110110
01110100
10110100
00110110
01110100
10110100
00110110
01110100
10110100
00110110
01110100
10110100
00110110