0001101
0110100
0001101
0110100
0001101
0110100
0001101
0110100
0001101
0110100
0001101
0110100
0001101
0110100
0001101
0110100
0001101
0110100
0001101
0110100
0001101
0110100
0001101
0110100
0001101
0110100
0001101
0110100
0001101
0110100
0001101
0110100
0001101
0110100
0001101
0110100
0001101
0110100
0001101
0110100
0001101
0110100
0001101
0110100
0001101
0110100
0001101
0110100
0001101
0110100
0001101
0110100
0001101
0110100
0001101
0110100
0001101
0110100
0001101
0110100
0001101
0110100
0001101
0110100
0001101
0110100
0001101
0110100
0001101
0110100
0001101
0110100
0001101
0110100
0001101
0110100
0001101
0110100
0001101
0110100
0001101
0110100
0001101
0110100
0001101
0110100
0001101
0110100
0001101
0110100
0001101
0110100
0001101
0110100
0001101
0110100
0001101
0110100
0001101
0110100