0000010
0010111
0100101
0110011
0000010
0010111
0100101
0110011
0000010
0010111
0100101
0110011
0000010
0010111
0100101
0110011
0000010
0010111
0100101
0110011
0000010
0010111
0100101
0110011
0000010
0010111
0100101
0110011
0000010
0010111
0100101
0110011
0000010
0010111
0100101
0110011
0000010
0010111
0100101
0110011
0000010
0010111
0100101
0110011
0000010
0010111
0100101
0110011
0000010
0010111
0100101
0110011
0000010
0010111
0100101
0110011
0000010
0010111
0100101
0110011
0000010
0010111
0100101
0110011
0000010
0010111
0100101
0110011
0000010
0010111
0100101
0110011
0000010
0010111
0100101
0110011
0000010
0010111
0100101
0110011
0000010
0010111
0100101
0110011
0000010
0010111
0100101
0110011
0000010
0010111
0100101
0110011
0000010
0010111
0100101
0110011
0000010
0010111
0100101
0110011