0000100111
0101010011
0000100111
0101010011
0000100111
0101010011
0000100111
0101010011
0000100111
0101010011
0000100111
0101010011
0000100111
0101010011
0000100111
0101010011
0000100111
0101010011
0000100111
0101010011
0000100111
0101010011
0000100111
0101010011
0000100111
0101010011
0000100111
0101010011
0000100111
0101010011
0000100111
0101010011
0000100111
0101010011
0000100111
0101010011
0000100111
0101010011
0000100111
0101010011
0000100111
0101010011
0000100111
0101010011
0000100111
0101010011
0000100111
0101010011
0000100111
0101010011
0000100111
0101010011
0000100111
0101010011
0000100111
0101010011
0000100111
0101010011
0000100111
0101010011
0000100111
0101010011
0000100111
0101010011
0000100111
0101010011
0000100111
0101010011
0000100111
0101010011
0000100111
0101010011
0000100111
0101010011
0000100111
0101010011
0000100111
0101010011
0000100111
0101010011
0000100111
0101010011
0000100111
0101010011
0000100111
0101010011
0000100111
0101010011
0000100111
0101010011
0000100111
0101010011
0000100111
0101010011
0000100111
0101010011
0000100111
0101010011
0000100111
0101010011