00000010011101
01000010010011
10011101010011
00000010011101
01000010010011
10011101010011
00000010011101
01000010010011
10011101010011
00000010011101
01000010010011
10011101010011
00000010011101
01000010010011
10011101010011
00000010011101
01000010010011
10011101010011
00000010011101
01000010010011
10011101010011
00000010011101
01000010010011
10011101010011
00000010011101
01000010010011
10011101010011
00000010011101
01000010010011
10011101010011
00000010011101
01000010010011
10011101010011
00000010011101
01000010010011
10011101010011
00000010011101
01000010010011
10011101010011
00000010011101
01000010010011
10011101010011
00000010011101
01000010010011
10011101010011
00000010011101
01000010010011
10011101010011
00000010011101
01000010010011
10011101010011
00000010011101
01000010010011
10011101010011
00000010011101
01000010010011
10011101010011
00000010011101
01000010010011
10011101010011
00000010011101
01000010010011
10011101010011
00000010011101
01000010010011
10011101010011
00000010011101
01000010010011
10011101010011
00000010011101
01000010010011
10011101010011
00000010011101
01000010010011
10011101010011
00000010011101
01000010010011
10011101010011
00000010011101
01000010010011
10011101010011
00000010011101
01000010010011
10011101010011
00000010011101
01000010010011
10011101010011
00000010011101
01000010010011
10011101010011
00000010011101
01000010010011
10011101010011
00000010011101
01000010010011
10011101010011
00000010011101
01000010010011
10011101010011
00000010011101