000000
001010
010011
011101
100010
101011
000000
001010
010011
011101
100010
101011
000000
001010
010011
011101
100010
101011
000000
001010
010011
011101
100010
101011
000000
001010
010011
011101
100010
101011
000000
001010
010011
011101
100010
101011
000000
001010
010011
011101
100010
101011
000000
001010
010011
011101
100010
101011
000000
001010
010011
011101
100010
101011
000000
001010
010011
011101
100010
101011
000000
001010
010011
011101
100010
101011
000000
001010
010011
011101
100010
101011
000000
001010
010011
011101
100010
101011
000000
001010
010011
011101
100010
101011
000000
001010
010011
011101
100010
101011
000000
001010
010011
011101
100010
101011
000000
001010
010011
011101