00000
01101
10111
00000
01101
10111
00000
01101
10111
00000
01101
10111
00000
01101
10111
00000
01101
10111
00000
01101
10111
00000
01101
10111
00000
01101
10111
00000
01101
10111
00000
01101
10111
00000
01101
10111
00000
01101
10111
00000
01101
10111
00000
01101
10111
00000
01101
10111
00000
01101
10111
00000
01101
10111
00000
01101
10111
00000
01101
10111
00000
01101
10111
00000
01101
10111
00000
01101
10111
00000
01101
10111
00000
01101
10111
00000
01101
10111
00000
01101
10111
00000
01101
10111
00000
01101
10111
00000
01101
10111
00000
01101
10111
00000
01101
10111
00000
01101
10111
00000