0000001
0101111
0000001
0101111
0000001
0101111
0000001
0101111
0000001
0101111
0000001
0101111
0000001
0101111
0000001
0101111
0000001
0101111
0000001
0101111
0000001
0101111
0000001
0101111
0000001
0101111
0000001
0101111
0000001
0101111
0000001
0101111
0000001
0101111
0000001
0101111
0000001
0101111
0000001
0101111
0000001
0101111
0000001
0101111
0000001
0101111
0000001
0101111
0000001
0101111
0000001
0101111
0000001
0101111
0000001
0101111
0000001
0101111
0000001
0101111
0000001
0101111
0000001
0101111
0000001
0101111
0000001
0101111
0000001
0101111
0000001
0101111
0000001
0101111
0000001
0101111
0000001
0101111
0000001
0101111
0000001
0101111
0000001
0101111
0000001
0101111
0000001
0101111
0000001
0101111
0000001
0101111
0000001
0101111
0000001
0101111
0000001
0101111
0000001
0101111