00000101
01000111
10101111
00000101
01000111
10101111
00000101
01000111
10101111
00000101
01000111
10101111
00000101
01000111
10101111
00000101
01000111
10101111
00000101
01000111
10101111
00000101
01000111
10101111
00000101
01000111
10101111
00000101
01000111
10101111
00000101
01000111
10101111
00000101
01000111
10101111
00000101
01000111
10101111
00000101
01000111
10101111
00000101
01000111
10101111
00000101
01000111
10101111
00000101
01000111
10101111
00000101
01000111
10101111
00000101
01000111
10101111
00000101
01000111
10101111
00000101
01000111
10101111
00000101
01000111
10101111
00000101
01000111
10101111
00000101
01000111
10101111
00000101
01000111
10101111
00000101
01000111
10101111
00000101
01000111
10101111
00000101
01000111
10101111
00000101
01000111
10101111
00000101
01000111
10101111
00000101
01000111
10101111
00000101
01000111
10101111
00000101
01000111
10101111
00000101