000001
001000
010000
011101
100100
101000
000001
001000
010000
011101
100100
101000
000001
001000
010000
011101
100100
101000
000001
001000
010000
011101
100100
101000
000001
001000
010000
011101
100100
101000
000001
001000
010000
011101
100100
101000
000001
001000
010000
011101
100100
101000
000001
001000
010000
011101
100100
101000
000001
001000
010000
011101
100100
101000
000001
001000
010000
011101
100100
101000
000001
001000
010000
011101
100100
101000
000001
001000
010000
011101
100100
101000
000001
001000
010000
011101
100100
101000
000001
001000
010000
011101
100100
101000
000001
001000
010000
011101
100100
101000
000001
001000
010000
011101
100100
101000
000001
001000
010000
011101