0001000
0010001
0100110
0110000
0001000
0010001
0100110
0110000
0001000
0010001
0100110
0110000
0001000
0010001
0100110
0110000
0001000
0010001
0100110
0110000
0001000
0010001
0100110
0110000
0001000
0010001
0100110
0110000
0001000
0010001
0100110
0110000
0001000
0010001
0100110
0110000
0001000
0010001
0100110
0110000
0001000
0010001
0100110
0110000
0001000
0010001
0100110
0110000
0001000
0010001
0100110
0110000
0001000
0010001
0100110
0110000
0001000
0010001
0100110
0110000
0001000
0010001
0100110
0110000
0001000
0010001
0100110
0110000
0001000
0010001
0100110
0110000
0001000
0010001
0100110
0110000
0001000
0010001
0100110
0110000
0001000
0010001
0100110
0110000
0001000
0010001
0100110
0110000
0001000
0010001
0100110
0110000
0001000
0010001
0100110
0110000
0001000
0010001
0100110
0110000