0010000001
0101100000
0010000001
0101100000
0010000001
0101100000
0010000001
0101100000
0010000001
0101100000
0010000001
0101100000
0010000001
0101100000
0010000001
0101100000
0010000001
0101100000
0010000001
0101100000
0010000001
0101100000
0010000001
0101100000
0010000001
0101100000
0010000001
0101100000
0010000001
0101100000
0010000001
0101100000
0010000001
0101100000
0010000001
0101100000
0010000001
0101100000
0010000001
0101100000
0010000001
0101100000
0010000001
0101100000
0010000001
0101100000
0010000001
0101100000
0010000001
0101100000
0010000001
0101100000
0010000001
0101100000
0010000001
0101100000
0010000001
0101100000
0010000001
0101100000
0010000001
0101100000
0010000001
0101100000
0010000001
0101100000
0010000001
0101100000
0010000001
0101100000
0010000001
0101100000
0010000001
0101100000
0010000001
0101100000
0010000001
0101100000
0010000001
0101100000
0010000001
0101100000
0010000001
0101100000
0010000001
0101100000
0010000001
0101100000
0010000001
0101100000
0010000001
0101100000
0010000001
0101100000
0010000001
0101100000
0010000001
0101100000
0010000001
0101100000