00001000000101
01001000100000
10000101100000
00001000000101
01001000100000
10000101100000
00001000000101
01001000100000
10000101100000
00001000000101
01001000100000
10000101100000
00001000000101
01001000100000
10000101100000
00001000000101
01001000100000
10000101100000
00001000000101
01001000100000
10000101100000
00001000000101
01001000100000
10000101100000
00001000000101
01001000100000
10000101100000
00001000000101
01001000100000
10000101100000
00001000000101
01001000100000
10000101100000
00001000000101
01001000100000
10000101100000
00001000000101
01001000100000
10000101100000
00001000000101
01001000100000
10000101100000
00001000000101
01001000100000
10000101100000
00001000000101
01001000100000
10000101100000
00001000000101
01001000100000
10000101100000
00001000000101
01001000100000
10000101100000
00001000000101
01001000100000
10000101100000
00001000000101
01001000100000
10000101100000
00001000000101
01001000100000
10000101100000
00001000000101
01001000100000
10000101100000
00001000000101
01001000100000
10000101100000
00001000000101
01001000100000
10000101100000
00001000000101
01001000100000
10000101100000
00001000000101
01001000100000
10000101100000
00001000000101
01001000100000
10000101100000
00001000000101
01001000100000
10000101100000
00001000000101
01001000100000
10000101100000
00001000000101
01001000100000
10000101100000
00001000000101
01001000100000
10000101100000
00001000000101
01001000100000
10000101100000
00001000000101
01001000100000
10000101100000
00001000000101