0001100
0101110
0001100
0101110
0001100
0101110
0001100
0101110
0001100
0101110
0001100
0101110
0001100
0101110
0001100
0101110
0001100
0101110
0001100
0101110
0001100
0101110
0001100
0101110
0001100
0101110
0001100
0101110
0001100
0101110
0001100
0101110
0001100
0101110
0001100
0101110
0001100
0101110
0001100
0101110
0001100
0101110
0001100
0101110
0001100
0101110
0001100
0101110
0001100
0101110
0001100
0101110
0001100
0101110
0001100
0101110
0001100
0101110
0001100
0101110
0001100
0101110
0001100
0101110
0001100
0101110
0001100
0101110
0001100
0101110
0001100
0101110
0001100
0101110
0001100
0101110
0001100
0101110
0001100
0101110
0001100
0101110
0001100
0101110
0001100
0101110
0001100
0101110
0001100
0101110
0001100
0101110
0001100
0101110
0001100
0101110
0001100
0101110
0001100
0101110