00110001
01110110
10001110
00110001
01110110
10001110
00110001
01110110
10001110
00110001
01110110
10001110
00110001
01110110
10001110
00110001
01110110
10001110
00110001
01110110
10001110
00110001
01110110
10001110
00110001
01110110
10001110
00110001
01110110
10001110
00110001
01110110
10001110
00110001
01110110
10001110
00110001
01110110
10001110
00110001
01110110
10001110
00110001
01110110
10001110
00110001
01110110
10001110
00110001
01110110
10001110
00110001
01110110
10001110
00110001
01110110
10001110
00110001
01110110
10001110
00110001
01110110
10001110
00110001
01110110
10001110
00110001
01110110
10001110
00110001
01110110
10001110
00110001
01110110
10001110
00110001
01110110
10001110
00110001
01110110
10001110
00110001
01110110
10001110
00110001
01110110
10001110
00110001
01110110
10001110
00110001
01110110
10001110
00110001
01110110
10001110
00110001
01110110
10001110
00110001