00110
01001
10110
00110
01001
10110
00110
01001
10110
00110
01001
10110
00110
01001
10110
00110
01001
10110
00110
01001
10110
00110
01001
10110
00110
01001
10110
00110
01001
10110
00110
01001
10110
00110
01001
10110
00110
01001
10110
00110
01001
10110
00110
01001
10110
00110
01001
10110
00110
01001
10110
00110
01001
10110
00110
01001
10110
00110
01001
10110
00110
01001
10110
00110
01001
10110
00110
01001
10110
00110
01001
10110
00110
01001
10110
00110
01001
10110
00110
01001
10110
00110
01001
10110
00110
01001
10110
00110
01001
10110
00110
01001
10110
00110
01001
10110
00110
01001
10110
00110