00011
01110
10110
00011
01110
10110
00011
01110
10110
00011
01110
10110
00011
01110
10110
00011
01110
10110
00011
01110
10110
00011
01110
10110
00011
01110
10110
00011
01110
10110
00011
01110
10110
00011
01110
10110
00011
01110
10110
00011
01110
10110
00011
01110
10110
00011
01110
10110
00011
01110
10110
00011
01110
10110
00011
01110
10110
00011
01110
10110
00011
01110
10110
00011
01110
10110
00011
01110
10110
00011
01110
10110
00011
01110
10110
00011
01110
10110
00011
01110
10110
00011
01110
10110
00011
01110
10110
00011
01110
10110
00011
01110
10110
00011
01110
10110
00011
01110
10110
00011