00011110
01011110
10110110
00011110
01011110
10110110
00011110
01011110
10110110
00011110
01011110
10110110
00011110
01011110
10110110
00011110
01011110
10110110
00011110
01011110
10110110
00011110
01011110
10110110
00011110
01011110
10110110
00011110
01011110
10110110
00011110
01011110
10110110
00011110
01011110
10110110
00011110
01011110
10110110
00011110
01011110
10110110
00011110
01011110
10110110
00011110
01011110
10110110
00011110
01011110
10110110
00011110
01011110
10110110
00011110
01011110
10110110
00011110
01011110
10110110
00011110
01011110
10110110
00011110
01011110
10110110
00011110
01011110
10110110
00011110
01011110
10110110
00011110
01011110
10110110
00011110
01011110
10110110
00011110
01011110
10110110
00011110
01011110
10110110
00011110
01011110
10110110
00011110
01011110
10110110
00011110
01011110
10110110
00011110
01011110
10110110
00011110
01011110
10110110
00011110