0000111
0110110
0000111
0110110
0000111
0110110
0000111
0110110
0000111
0110110
0000111
0110110
0000111
0110110
0000111
0110110
0000111
0110110
0000111
0110110
0000111
0110110
0000111
0110110
0000111
0110110
0000111
0110110
0000111
0110110
0000111
0110110
0000111
0110110
0000111
0110110
0000111
0110110
0000111
0110110
0000111
0110110
0000111
0110110
0000111
0110110
0000111
0110110
0000111
0110110
0000111
0110110
0000111
0110110
0000111
0110110
0000111
0110110
0000111
0110110
0000111
0110110
0000111
0110110
0000111
0110110
0000111
0110110
0000111
0110110
0000111
0110110
0000111
0110110
0000111
0110110
0000111
0110110
0000111
0110110
0000111
0110110
0000111
0110110
0000111
0110110
0000111
0110110
0000111
0110110
0000111
0110110
0000111
0110110
0000111
0110110
0000111
0110110
0000111
0110110