00110001
01110000
10001000
00110001
01110000
10001000
00110001
01110000
10001000
00110001
01110000
10001000
00110001
01110000
10001000
00110001
01110000
10001000
00110001
01110000
10001000
00110001
01110000
10001000
00110001
01110000
10001000
00110001
01110000
10001000
00110001
01110000
10001000
00110001
01110000
10001000
00110001
01110000
10001000
00110001
01110000
10001000
00110001
01110000
10001000
00110001
01110000
10001000
00110001
01110000
10001000
00110001
01110000
10001000
00110001
01110000
10001000
00110001
01110000
10001000
00110001
01110000
10001000
00110001
01110000
10001000
00110001
01110000
10001000
00110001
01110000
10001000
00110001
01110000
10001000
00110001
01110000
10001000
00110001
01110000
10001000
00110001
01110000
10001000
00110001
01110000
10001000
00110001
01110000
10001000
00110001
01110000
10001000
00110001
01110000
10001000
00110001
01110000
10001000
00110001