00110
01001
10000
00110
01001
10000
00110
01001
10000
00110
01001
10000
00110
01001
10000
00110
01001
10000
00110
01001
10000
00110
01001
10000
00110
01001
10000
00110
01001
10000
00110
01001
10000
00110
01001
10000
00110
01001
10000
00110
01001
10000
00110
01001
10000
00110
01001
10000
00110
01001
10000
00110
01001
10000
00110
01001
10000
00110
01001
10000
00110
01001
10000
00110
01001
10000
00110
01001
10000
00110
01001
10000
00110
01001
10000
00110
01001
10000
00110
01001
10000
00110
01001
10000
00110
01001
10000
00110
01001
10000
00110
01001
10000
00110
01001
10000
00110
01001
10000
00110