0001100
0101000
0001100
0101000
0001100
0101000
0001100
0101000
0001100
0101000
0001100
0101000
0001100
0101000
0001100
0101000
0001100
0101000
0001100
0101000
0001100
0101000
0001100
0101000
0001100
0101000
0001100
0101000
0001100
0101000
0001100
0101000
0001100
0101000
0001100
0101000
0001100
0101000
0001100
0101000
0001100
0101000
0001100
0101000
0001100
0101000
0001100
0101000
0001100
0101000
0001100
0101000
0001100
0101000
0001100
0101000
0001100
0101000
0001100
0101000
0001100
0101000
0001100
0101000
0001100
0101000
0001100
0101000
0001100
0101000
0001100
0101000
0001100
0101000
0001100
0101000
0001100
0101000
0001100
0101000
0001100
0101000
0001100
0101000
0001100
0101000
0001100
0101000
0001100
0101000
0001100
0101000
0001100
0101000
0001100
0101000
0001100
0101000
0001100
0101000